# Columns : Anticodons
# Rows : Species
# Values : Gene copy numbers
AAA	AGA	ATA	ACA	GAA	GGA	GTA	GCA	TAA	TGA	TTA	TCA	CAA	CGA	CTA	CCA	AAG	AGG	ATG	ACG	GAG	GGG	GTG	GCG	TAG	TGG	TTG	TCG	CAG	CGG	CTG	CCG	AAT	AGT	ATT	ACT	GAT	GGT	GTT	GCT	TAT	TGT	TTT	TCT	CAT	CGT	CTT	CCT	AAC	AGC	ATC	ACC	GAC	GGC	GTC	GCC	TAC	TGC	TTC	TCC	CAC	CGC	CTC	CCC
Acanthocheilonema_viteae	0	2	0	0	3	0	3	1	2	2	0	1	2	1	0	2	2	2	0	2	0	0	3	0	2	3	3	3	2	2	2	1	3	2	0	0	0	0	4	3	2	2	3	2	6	2	3	3	2	3	0	0	0	0	3	3	1	3	3	8	1	1	3	1
Acanthochromis_polyacanthus	 3	 9	 0	 1	22	 0	40	29	10	18	 0	 1	11	 8	 0	17	13	29	 0	10	 0	 0	12	 0	 9	22	22	15	20	17	34	11	51	41	 1	 0	 2	 1	27	24	 7	32	49	20	45	22	42	17	 4	 9	 0	 0	 0	 0	 9	20	 9	26	19	23	 7	 9	23	 6
Acinonyx_jubatus	 0	10	 0	 0	13	 0	11	23	 4	 4	 0	 3	 6	 4	 0	 8	 6	 9	 0	 8	 0	 0	 9	 0	 4	 7	 5	 6	 4	 4	15	 4	11	10	 0	 0	 0	 0	15	10	 6	 9	16	 7	21	 5	96	10	 5	16	 0	 0	 0	 0	 8	 9	 6	 8	 9	 4	10	 6	10	 4
Acromyrmex_echinatior	0	3	0	0	4	3	7	3	2	1	0	0	3	1	0	3	3	3	0	5	0	0	5	0	1	5	7	3	2	3	5	0	3	4	0	0	0	0	5	2	1	2	5	4	6	2	4	3	4	7	0	0	0	0	8	5	3	3	4	3	2	2	4	1
Acropora_digitifera	 0	15	 0	 1	 0	 5	 6	 7	 4	 0	 0	 0	 1	 3	 0	 1	 2	 3	 0	14	 0	 0	 3	 0	 1	 3	 3	 7	 2	 1	 4	 0	 2	35	 0	 1	12	36	 7	36	 5	23	32	 2	16	12	 5	 6	 3	17	 0	 0	 1	36	 7	 6	 1	 5	 6	 5	 1	 4	 3	 0
Acropora_millepora	 0	16	 0	 0	10	 9	43	 7	32	16	 0	 2	30	 3	 0	49	11	 6	 0	28	 0	 1	64	 0	31	 9	 6	 8	43	 4	 6	 2	 3	70	 1	10	52	68	10	57	17	45	68	42	67	 9	16	15	45	51	 0	 0	 6	71	67	12	21	51	37	 8	18	 3	35	 2
Acyrthosiphon_pisum	 0	 5	 0	 0	 7	 0	14	 5	 9	 4	 0	 0	 7	 2	 0	 6	 3	 5	 0	 5	 0	 0	 8	 0	 2	15	 6	 4	 2	 3	 2	 0	 9	10	 0	 0	 0	 0	10	 4	 4	10	12	 6	20	 2	12	 3	 9	 9	 0	 0	 0	20	20	 9	 4	 7	12	11	 4	 2	 5	 1
Aedes_aegypti	 9	95	 2	 2	18	 6	30	10	 4	 6	 0	 0	 7	 8	 0	11	 7	14	 0	22	 1	 0	30	 0	 6	24	 8	11	17	 7	15	 0	24	41	 0	 1	 0	 1	19	 9	 1	 7	13	 4	28	 6	51	 4	43	95	 8	 4	 0	21	41	24	 6	14	22	14	12	 6	21	 0
Alligator_mississippiensis	 0	 9	 0	 4	12	 0	 9	17	10	12	 0	 1	 5	 2	 0	12	 4	 4	 0	13	 0	 0	 7	 0	 5	 9	21	 8	 5	 7	12	 7	 8	25	 0	 0	 0	 0	 9	 9	18	20	25	14	 9	 7	14	14	 4	 9	 0	 0	 1	 0	10	27	 5	13	 5	 8	 6	 6	 7	11
Anarrhichthys_ocellatus	 0	12	 0	 0	10	 0	10	15	13	 4	 0	 0	 6	 4	 0	11	10	 7	 0	 5	 0	 0	 7	 0	 5	 4	 2	 2	10	 6	 8	 3	14	16	 0	 1	 0	 1	 4	 8	16	17	11	13	11	 9	13	 5	 9	 6	 0	 0	 0	 0	21	 5	 7	 7	 9	 8	 8	 7	23	 2
Anas_platyrhynchos	 0	15	 0	 0	13	 0	17	17	 3	 3	 0	 1	 4	 5	 0	 5	 7	12	 0	10	 0	 0	10	 0	 1	 7	 5	 3	 9	 7	15	 1	 7	 6	 0	 0	 0	 0	13	 9	 2	 3	 5	 3	20	 2	20	 4	 7	20	 0	 0	 1	 0	 7	12	 3	 9	 8	16	 7	 9	10	 6
Ancylostoma_ceylanicum	 0	 2	 0	 0	 3	 0	 0	11	 3	 2	 0	 1	 1	 2	 0	 4	 3	 8	 0	11	 0	 0	 8	 0	 1	11	 2	 2	 3	 6	 4	 2	 8	 3	 0	 0	 0	 0	 5	 3	 2	 9	 3	 4	 8	11	 5	 2	 2	 5	 0	 0	 0	 0	 4	18	 2	 3	 2	 8	 2	 1	 2	 4
Anneissia_japonica	 1	68	 2	 0	26	 4	31	27	28	68	 0	12	13	20	 0	10	12	15	 0	17	 0	 0	24	 0	13	56	19	16	11	 9	16	 1	28	68	 4	 0	 0	 8	46	19	25	68	37	25	68	15	27	 7	53	16	 2	 0	 2	 0	14	34	21	22	30	15	10	 4	20	 2
Anopheles_gambiae	 0	 6	 0	 0	 9	 0	23	 5	 2	 2	 0	 1	 3	 8	 0	 7	 5	 7	 0	11	 0	 0	21	 0	 4	 9	 4	 8	12	15	11	 0	13	 8	 0	 0	 0	 0	12	 6	 2	 2	 7	 2	19	 5	17	 2	32	17	 0	 0	 0	 0	25	16	 3	 3	11	 9	29	 8	15	 0
Anoplophora_glabripennis	 0	 9	 0	 0	11	 0	12	10	26	 4	 0	 1	10	 5	 0	 6	 8	11	 0	 6	 0	 0	14	 0	 4	23	10	 5	 2	 3	 7	 0	11	10	 0	 0	 0	 0	13	11	 4	26	 9	 5	12	 5	11	 8	14	19	 0	 0	 0	 0	24	13	 7	 6	15	18	 5	 4	 8	 2
Anser_cygnoides	 0	 5	 0	 0	 9	 0	 5	15	 2	 4	 0	 1	 3	 1	 0	 4	 5	 5	 0	 7	 0	 0	 6	 0	 0	 4	 3	 3	 5	 2	 1	 0	 6	 4	 0	 0	 0	 0	 9	 6	 1	 4	 4	 3	10	 1	 5	 3	 6	 8	 0	 0	 1	 0	 3	10	 2	 2	 5	 6	 8	 1	 8	 3
Apis_cerana	 0	 4	 0	 0	 6	 0	 5	 3	 5	 2	 0	 0	 3	 3	 0	 3	 3	 5	 0	 5	 0	 0	 5	 0	 1	 4	 5	 3	 3	 3	 4	 0	 5	 5	 0	 0	 0	 0	 8	 4	 1	 3	 4	 3	10	 1	 5	 4	 5	 8	 0	 0	 0	 1	10	 7	 3	 4	 5	 6	 3	 3	 6	 1
Apis_florea	 0	 5	 0	 0	 7	 0	 6	 4	 4	 2	 0	 0	 3	 3	 0	 4	 3	 4	 0	 5	 0	 0	 4	 0	 1	 4	 9	 3	 3	 3	 6	 0	 6	 6	 0	 0	 1	 1	 8	 4	 2	 3	 6	 4	10	 2	 7	 3	 5	 7	 0	 0	 0	 1	 9	 6	 5	 4	 7	 3	 3	 3	 6	 2
Apis_mellifera	 0	 5	 0	 0	 6	 0	 5	 3	 4	 2	 0	 0	 2	 3	 0	 4	 3	 4	 0	 5	 0	 0	 5	 0	 1	 4	 7	 3	 3	 3	 6	 0	 5	 5	 0	 0	 0	 0	 7	 4	 2	 3	 6	 3	10	 2	 6	 4	 5	 7	 0	 0	 0	 1	 9	 8	 4	 4	 6	 5	 3	 3	 5	 1
Apteryx_rowi	 0	 6	 0	 0	 6	 0	 4	 9	 3	 5	 0	 0	 4	 2	 0	 6	 6	 9	 0	 6	 0	 0	 6	 0	 1	 7	 3	 4	 5	 4	 4	 2	 5	 6	 0	 0	 1	 0	 7	 8	 2	 4	 6	 5	 9	 2	 8	 4	 6	 7	 0	 0	 1	 0	 9	 8	 3	10	 6	 4	 6	 2	 7	 3
Aquila_chrysaetos	 0	 4	 0	 0	20	 0	20	15	 2	 3	 0	 2	 3	 6	 0	 6	 6	12	 0	 8	 0	 0	 8	 0	 2	 8	 2	 3	11	 6	 2	 1	 7	 6	 0	 0	 0	 0	16	 7	 2	 4	 6	 5	14	 2	11	 4	10	20	 0	 0	 1	 0	 9	10	 2	13	 6	15	10	 4	 7	 6
Archocentrus_centrarchus	 0	19	 0	 0	10	 1	23	42	14	10	 0	 0	11	 4	 0	14	30	15	 0	30	 0	 0	27	 0	18	15	14	 3	42	 7	16	 4	11	42	 0	 0	 0	 0	25	20	17	42	42	42	42	11	38	31	12	21	 0	 0	 0	 1	14	19	10	14	18	17	 8	15	20	 6
Arctia_plantaginis	 0	10	 0	 0	14	 0	14	13	 5	 7	 0	 0	 7	 4	 1	12	 9	13	 0	10	 0	 0	19	 0	 5	10	 7	 8	 8	 4	 9	 0	13	13	 0	 1	 1	 0	16	74	 4	 6	12	 5	24	 5	13	 7	12	22	 0	 0	 0	 0	24	22	 5	17	18	12	13	 9	19	 4
Arvicanthis_niloticus	 0	 9	 0	 1	 8	 0	16	47	 5	 3	 0	 1	 4	 3	 0	 8	 6	 8	 0	 6	 0	 0	10	 0	 4	 6	 6	 5	11	 3	10	 3	15	 9	 0	 0	 0	 0	12	 9	 6	 4	 8	 5	18	 5	21	 8	12	28	 0	 0	 0	 0	15	18	 5	20	 9	14	18	 3	14	 7
Arvicola_amphibius	 0	 9	 0	 0	 8	 0	 9	36	 4	 4	 0	 1	 4	 3	 0	 7	 5	 8	 0	 6	 0	 1	 8	 0	 3	 6	 8	 5	 8	 3	10	 3	11	10	 0	 0	 0	 0	14	 7	 4	 5	14	 5	15	 5	64	 5	 9	18	 0	 1	 0	 1	17	18	 3	 5	 8	10	 9	 5	15	 7
Asterias_rubens	 10	110	  6	  5	  0	 17	 36	 19	 20	 42	  0	  1	 31	 14	  0	 38	 40	 52	  0	 63	  0	  0	 42	  0	 25	 49	 26	 35	 24	 19	 23	  2	 57	 70	 41	  2	  5	  3	110	 58	 16	 25	 71	 26	110	 15	 52	 14	 34	 47	  0	  0	  0	  1	110	 88	 21	 20	 37	 57	 20	  9	 38	  6
Athalia_rosae	0	4	0	0	4	0	5	3	2	2	0	0	2	2	0	3	4	5	0	5	0	0	5	0	2	4	3	4	4	3	5	0	6	4	0	0	0	1	5	3	2	2	5	3	9	4	5	2	4	9	0	0	0	0	7	6	2	3	6	6	3	3	4	1
Atta_cephalotes	0	2	0	0	4	0	8	3	2	1	0	0	3	1	0	3	3	3	0	5	0	0	4	0	1	3	3	3	2	3	5	0	5	4	0	0	0	0	5	3	1	2	5	2	7	2	4	2	4	4	0	0	0	0	8	4	3	3	5	3	2	3	6	1
Bactrocera_oleae	 0	 8	 0	 0	10	 0	20	 7	 5	 4	 0	 0	10	 4	 0	 8	 5	 6	 0	17	 0	 0	11	 0	 3	 9	13	 5	 7	 2	 6	 0	15	 9	 0	 0	 0	 0	15	 5	 5	10	12	11	16	 4	13	 4	 9	20	 0	 0	 0	 0	21	20	 7	 8	16	 9	 7	 6	 8	 1
Balaenoptera_acutorostrata	 0	10	 0	 0	13	 0	13	22	 6	 4	 0	 4	 6	 4	 0	60	 6	 7	 0	 8	 0	 0	10	 0	 4	 5	 8	 7	 6	 4	15	10	12	12	 0	 0	 1	 0	23	12	 7	 6	44	18	18	 4	18	26	14	20	 6	 3	 1	 0	26	32	11	26	72	72	19	13	72	72
Belonocnema_treatae	 0	 5	 0	 0	 7	 0	15	 7	 5	 5	 0	 0	 6	 2	 0	 6	 9	 7	 0	 5	 0	 0	11	 0	 4	 9	10	 8	 4	 3	 7	 0	13	 7	 0	 0	 0	 0	11	 6	 4	30	14	 4	15	 4	 9	 3	 9	 7	 0	 0	 0	 9	29	14	 5	10	12	10	 4	 3	 6	 1
Betta_splendens	 0	33	 0	 1	61	 0	87	94	17	24	 0	 1	19	16	 0	81	11	28	 0	31	 0	 0	31	 0	13	11	17	94	73	 7	34	 4	94	94	 0	 0	 0	 3	94	47	53	94	73	40	94	30	94	 7	94	16	 0	 0	 0	 0	94	47	30	 8	47	17	50	 4	94	20
Blattella_germanica	  4	711	  1	  1	 47	 38	 32	 61	 44	 44	  1	  4	 39	 17	  4	 39	 17	 34	  0	 37	  1	  5	 46	  0	 35	 54	 63	 28	 30	 27	 77	 16	 68	 92	  2	  1	 32	 23	 67	 93	 30	128	 84	 44	 94	 34	 82	 30	 45	 24	  1	  0	  9	  6	 62	 62	 50	 49	 50	 51	 25	 15	 34	 16
Bombus_bifarius	 0	 5	 0	 0	 5	 0	 6	 4	 3	 2	 0	 0	 3	 3	 0	 5	 3	 4	 0	 5	 0	 0	 5	 0	 1	 4	 7	 3	 3	 3	 6	 0	 6	 5	 0	 0	 0	 0	 6	 5	 2	 3	10	 3	10	 2	 6	 3	 5	11	 0	 0	 0	 0	 8	 6	 4	 7	 7	 5	 3	 3	 4	 2
Bombus_terrestris	 0	 5	 0	 0	 5	 0	 6	 4	 3	 2	 0	 0	 3	 3	 0	 4	 3	 4	 0	 5	 0	 0	 6	 0	 1	 4	 6	 3	 3	 3	 6	 0	 6	 5	 0	 0	 0	 0	 6	 4	 2	 3	 4	 3	10	 2	 6	 3	 6	 8	 0	 0	 0	 0	 8	 6	 3	 5	 6	 5	 3	 3	 4	 1
Bombus_vancouverensis	 0	 5	 0	 0	 5	 0	 6	 4	 3	 2	 0	 0	 3	 3	 0	 5	 3	 4	 0	 5	 0	 0	 5	 0	 1	 4	 8	 3	 3	 3	 6	 0	 6	 5	 0	 0	 0	 0	 6	 5	 2	 3	 9	 3	10	 2	 6	 3	 5	10	 0	 0	 0	 0	 8	 6	 4	 6	 7	 5	 3	 3	 4	 2
Bombus_vosnesenskii	 0	 5	 0	 0	 5	 0	 6	 4	 3	 2	 0	 0	 3	 3	 0	 5	 3	 4	 0	 5	 0	 0	 5	 0	 1	 4	 7	 3	 3	 3	 6	 0	 6	 5	 0	 0	 0	 0	 6	 4	 2	 3	 6	 3	10	 2	 6	 3	 5	11	 0	 0	 0	 0	 8	 6	 3	 7	 7	 5	 3	 3	 4	 2
Bombyx_mori	 0	 9	 0	 0	 8	 0	12	11	 6	 7	 0	 1	 6	 4	 0	 9	 6	 9	 0	 8	 0	 0	14	 0	 3	 5	 7	 8	 6	 4	 8	 0	18	 9	 0	 0	 0	 0	23	 9	 4	 4	10	 3	24	 3	10	 6	 9	24	 0	 0	 1	 1	24	24	 6	10	14	14	 7	 6	12	 3
Bos_taurus	  6	 14	 10	109	 29	 48	 35	284	  7	  4	  0	  7	 10	  5	  0	 70	 10	 14	  5	 15	  0	  0	 18	  4	  4	 10	 12	 10	  8	  4	 21	  6	 18	 16	  0	  2	  0	  1	 29	 18	  8	 12	 47	 13	 36	  6	 27	 25	 16	 29	  3	  2	  0	  1	 25	 29	 12	 17	125	 75	 25	  9	 38	194
Branchiostoma_floridae	 0	 8	 0	 0	12	 0	11	 7	 2	 5	 0	 3	 5	 3	 0	 5	 6	 9	 0	12	 0	 0	13	 0	 5	 9	 5	 6	11	 5	14	 2	 3	12	 0	 0	 6	 0	12	 6	 3	 5	 9	 5	22	 5	23	 6	10	16	 0	 0	 0	 0	17	19	 3	 7	10	11	11	 7	23	 8
Caenorhabditis_elegans	 0	15	 0	 0	14	 0	18	13	 3	 9	 0	 1	 7	 6	 0	12	18	 7	 0	18	 0	 0	18	 0	 3	30	20	 9	 5	 4	 7	 0	21	17	 0	 0	 0	 0	20	 8	 7	 9	15	 8	18	 7	31	 4	19	20	 0	 0	 0	 0	24	14	 5	 8	17	34	 6	 4	24	 3
Caenorhabditis_nigoni	 0	17	 0	 0	20	 0	21	18	 4	 8	 0	 1	10	 9	 1	15	27	 8	 0	23	 0	 0	20	 0	 5	52	27	11	 8	 4	11	 1	29	22	 0	 0	 0	 0	25	 9	28	12	17	12	23	 6	42	 3	24	30	 0	 0	 1	 0	34	29	 5	12	19	61	 7	 6	44	 6
Calidris_pugnax	 0	 5	 0	 0	 5	 0	16	17	 1	 2	 0	 0	 2	 3	 0	 4	 2	 8	 0	 7	 0	 0	 6	 0	 1	 1	 2	 3	 7	 2	 5	 1	 6	 4	 0	 0	 0	 0	 8	 4	 2	 2	 4	 5	 8	 2	 7	 3	 5	16	 0	 0	 2	 0	 9	20	 1	 7	 4	 4	 2	 2	 7	 3
Callithrix_jacchus	 0	 9	 0	 0	 8	 0	10	20	 3	 3	 0	 1	 6	 3	 0	 6	 5	 8	 0	 6	 0	 0	 8	 4	 3	 6	 4	 4	10	 4	 8	 3	11	 8	 0	 0	 2	 0	20	 8	 5	 6	13	 5	14	 4	 8	 5	 6	15	 0	 0	 0	 0	12	13	 3	 6	10	 9	10	 4	12	 8
Camarhynchus_parvulus	 0	 5	 0	 0	 7	 0	10	10	 2	 2	 0	 1	 2	 2	 0	 4	 4	 8	 0	 6	 0	 0	 5	 0	 1	 2	 2	 3	 6	 2	 5	 2	 6	 5	 0	 0	 0	 0	 8	 5	 2	 3	 5	 4	 8	 2	 6	 3	 4	11	 0	 0	 1	 0	 7	 9	 1	 6	 4	 4	 4	 3	 7	 4
Camponotus_floridanus	 0	 4	 0	 0	 5	 6	 6	 3	 2	 1	 0	 0	 3	 2	 0	 3	 3	 2	 0	 4	 0	 1	 4	 0	 1	 2	10	 3	 4	 3	 7	 0	 5	 3	 0	 0	 0	 3	 4	 3	 2	 2	 6	 2	 6	 4	 5	 2	 4	10	 0	 0	 5	20	 9	 6	 2	 3	 6	 4	 2	 4	 6	 1
Canis_lupus	 0	10	 0	 0	10	 0	17	19	 3	 4	 0	 0	 4	 3	 0	 7	 5	 8	 0	 6	 0	 0	11	 0	 5	 6	 4	 5	 6	 4	 9	 3	 9	 8	 0	 1	 0	 0	20	 8	 5	 6	11	 8	20	 4	61	10	 6	12	 0	 0	 0	 0	10	10	 5	10	14	 9	12	 4	10	 9
Catharus_ustulatus	 0	11	 0	 0	 9	 0	10	15	 2	 2	 0	 1	 2	 3	 0	 4	 6	 8	 0	 6	 0	 0	 5	 0	 1	 2	 2	 3	 3	 2	12	 3	 5	 6	 0	 0	 0	 0	 8	 5	 2	 3	 5	 3	13	 2	 8	 3	 4	11	 0	 0	 1	 0	 7	10	 1	 7	 4	 7	 4	 3	 5	 4
Centruroides_sculpturatus	 0	11	 0	 0	28	 0	30	25	29	 7	 0	 2	23	 4	 0	14	22	10	 0	12	 0	 0	22	 0	16	 9	28	15	14	 7	24	 2	11	15	 0	 0	 3	 1	12	25	24	22	23	16	51	 6	12	10	32	10	 0	 1	 3	 0	 8	14	34	11	18	15	27	12	 9	 3
Cephus_cinctus	 0	 6	 0	 0	 6	 0	 7	 5	 3	 2	 0	 0	 3	 3	 0	 5	 5	 5	 0	 6	 0	 0	 5	 0	 2	 5	 4	 4	 4	 3	 5	 0	 6	 6	 0	 0	 1	 8	 9	 5	 2	 4	 5	 4	16	 4	 7	 4	 7	 9	 0	 0	 0	 0	 7	 8	 4	 4	 7	 6	 6	 3	 5	 2
Ceratitis_capitata	 0	 7	 0	 0	11	 0	15	 8	 5	 6	 0	 0	11	 4	 0	 9	 6	 7	 0	14	 0	 0	13	 0	 3	11	11	 6	 4	 2	 6	 0	13	10	 0	 0	 0	 0	13	 6	 4	 9	13	 9	18	 2	13	 5	10	18	 0	 0	 0	 0	22	19	 6	 7	17	 8	 7	 5	11	 0
Ceratosolen_solmsi	0	1	0	0	3	0	2	2	2	3	0	1	1	1	0	4	2	3	0	2	0	0	4	0	2	4	3	2	2	3	3	0	3	2	0	0	0	1	6	2	2	4	4	3	6	3	3	2	2	2	0	0	0	0	4	4	1	2	3	3	2	2	4	1
Ceratotherium_simum	 0	13	 0	 0	13	 0	11	24	 4	 5	 0	 0	 6	 4	 0	 8	 6	10	 0	10	 0	 0	 9	 0	 4	 7	 5	 5	 4	 4	10	 4	13	10	 0	 0	 0	 0	14	13	 5	 8	14	 6	25	 5	16	 7	11	22	 0	 0	 1	 0	 9	10	 7	12	 8	 4	14	 6	13	 6
Cervus_elaphus	 10	 11	 24	412	 30	 11	 37	637	  2	  4	  5	 25	 13	  4	  7	 92	  5	  9	  3	 11	  2	  1	 19	 14	  2	  9	  9	 12	  5	  4	 15	  4	 10	  9	  0	  3	  0	  1	 17	 17	  6	  6	 39	 23	 27	  6	 22	 36	  7	 20	  1	  7	  2	  0	  9	 41	  7	 17	121	121	 15	  8	 53	379
Chelonus_insularis	0	2	0	0	4	0	4	2	3	2	0	0	2	1	0	3	2	2	0	3	0	0	3	0	2	3	2	3	1	1	2	0	3	3	0	0	0	0	2	3	1	2	5	2	5	2	3	2	3	3	0	0	0	0	4	4	1	2	5	3	2	1	3	2
Chiroxiphia_lanceolata	 0	 8	 0	 0	 8	 0	 9	13	 2	 3	 0	 0	 1	 5	 0	 4	 2	 9	 0	 6	 0	 0	 5	 0	 1	 3	 2	 3	 6	 2	 7	 1	 7	 5	 0	 0	 0	 0	 7	 5	 2	 2	 7	 3	12	 2	 4	 3	 4	 9	 1	 0	 2	 0	10	11	 1	 9	20	 7	 2	 4	20	 6
Chloebia_gouldiae	 0	 4	 0	 0	 7	 0	 6	 2	 2	 1	 0	 1	 1	 0	 0	 3	 3	 2	 0	 6	 0	 0	 4	 0	 1	 2	 5	 2	 4	 3	 6	 1	 5	 1	 0	 0	 0	 0	10	 4	 1	 3	 8	 3	 9	 2	 2	 5	 3	 7	 0	 0	 1	 0	 6	 9	 2	 4	 2	 4	 1	 2	 2	 3
Cimex_lectularius	 2	10	89	 7	 7	 0	16	 4	 6	 2	 0	 6	 2	 3	 0	 6	 8	12	72	 7	 0	 0	21	 0	 2	 7	13	 5	 2	 3	15	 0	37	20	89	36	 0	 0	81	 5	 7	 4	58	 7	16	 5	17	 5	55	30	89	60	 2	 3	86	 8	 8	 3	87	12	 3	 3	16	 3
Cloeon_dipterum	 0	 4	 0	 0	 4	 0	 6	 2	 1	 1	 0	 1	 2	 1	 0	 5	 4	 4	 0	 5	 0	 0	 3	 0	 1	 2	 1	 2	 4	 1	 4	 0	 6	 4	 0	 0	 0	 0	 5	 2	 2	 3	 3	 2	 6	 3	 7	 2	 5	11	 0	 0	 0	 0	10	 6	 1	 2	 3	 4	 3	 2	 8	 1
Clonorchis_sinensis	 0	 2	 0	 0	 5	 0	11	 6	 2	 8	 0	 1	 5	 2	 0	 3	 6	11	 0	 8	 0	 0	 4	 0	 5	 6	 5	 8	 7	11	 5	 1	 9	 6	 0	 0	 0	 0	20	 8	 4	 4	12	 2	17	 4	 4	 2	 6	 3	 0	 0	 0	 0	12	 8	 5	 3	 7	 3	 4	 3	 8	 3
Colossoma_macropomum	 0	29	 0	 0	21	 0	35	37	21	25	 0	 1	39	19	 0	26	15	17	 0	33	 0	 0	36	 0	11	23	25	20	31	13	36	12	25	40	 0	 0	 1	 0	24	41	27	28	35	42	52	19	24	22	14	35	 0	 1	 0	 0	41	50	20	32	22	27	14	21	40	21
Contarinia_nasturtii	 0	 3	 0	 0	 6	 0	 7	 3	 3	 5	 0	 0	 5	 3	 0	 7	 5	 2	 0	 4	 0	 0	 5	 0	 3	 6	 5	 4	 1	 2	 2	 0	 7	 5	 0	 0	 0	 0	 5	 4	 3	 4	 7	 3	 8	 1	 3	 1	 4	 8	 0	 0	 0	 0	 7	 8	 2	 4	11	 5	 2	 1	 4	 0
Coptotermes_formosanus	 0	 6	 0	 0	 6	 0	 8	 4	 4	 3	 0	 1	 5	 3	 0	 3	 4	 4	 0	 4	 0	 0	 6	 0	 3	 4	 5	 5	 3	 2	 4	 0	 6	 3	 0	 0	 0	 0	 8	 4	 4	 4	 5	 3	13	 2	 5	 2	 4	 6	 0	 0	 0	 0	10	 5	 3	 5	 6	 5	 5	 3	 6	 2
Corvus_cornix	 0	 4	 0	 0	 6	 0	11	14	 2	 3	 0	 1	 2	 4	 0	 4	 4	 8	 0	 6	 0	 0	 6	 0	 1	 2	 2	 3	 6	 2	 5	 1	 6	 4	 0	 0	 0	 0	 7	 4	 2	 3	 5	 3	 6	 2	10	 3	 4	16	 0	 0	 1	 0	 9	10	 1	 8	 4	 3	 4	 3	 5	 4
Cottoperca_gobio	 2	38	 0	 0	83	 0	60	49	31	50	 0	 0	56	31	 0	67	30	58	 0	46	 0	 0	43	 0	18	44	19	16	83	 4	68	 3	35	83	 1	 0	 0	 0	47	38	22	23	60	39	83	13	45	14	19	29	 0	 0	 0	 0	25	43	42	16	40	83	 8	10	18	 5
Crocodylus_porosus	 1	 8	 0	 0	 5	 0	 4	19	 9	 3	 0	 0	 3	 0	 0	 6	 2	 4	 0	 5	 0	 0	12	 0	 1	 5	 8	 7	 4	 5	10	 4	 4	20	 0	 0	 0	 0	 9	 2	15	12	10	10	 5	 1	 6	 9	 2	 4	 0	 0	 0	 0	 7	14	 2	 7	 3	 3	 3	 2	 4	 2
Crotalus_tigris	 0	 7	 0	 0	 6	 0	 8	11	 2	 2	 0	 1	 4	 2	 0	 3	 4	 6	 0	 4	 0	 0	 5	 0	 2	 4	 3	 2	 4	 2	 5	 2	 5	 5	 0	 0	 0	 0	14	 7	 3	 3	 5	 3	10	 2	 4	 3	 6	12	 0	 0	 0	 0	 8	 7	 2	 9	 8	 5	 6	 2	 8	 2
Cryptotermes_secundus	 0	 6	 0	 0	 6	 0	 6	 3	 4	 7	 0	 0	 3	 0	 0	 5	 4	 4	 0	 5	 0	 0	 4	 0	 3	 9	 4	 4	 4	 3	 5	 0	 8	 3	 0	 0	 1	 0	 7	 5	 4	 5	 5	 2	12	 2	 4	 4	 4	 8	 0	 0	 0	 0	10	 7	 3	 6	 8	 5	 5	 3	 5	 3
Culex_quinquefasciatus	 0	12	 0	 0	14	 0	30	 7	 2	 5	 0	 2	 5	 9	 0	16	 9	14	 0	18	 0	 0	29	 0	 3	23	 6	14	20	21	14	 0	21	18	 0	 0	 0	 0	22	10	 2	 8	 8	 4	26	 7	30	 2	41	41	 1	 0	 0	 0	30	17	 6	11	19	17	22	 8	23	 0
Cyanistes_caeruleus	 0	 5	 0	 0	10	 0	10	11	 1	 2	 0	 0	 2	 2	 0	 4	 4	 6	 0	 8	 0	 0	 5	 0	 0	 2	 2	 2	 6	 1	 5	 1	 5	 5	 0	 0	 0	 0	 7	 5	 1	 3	 5	 3	11	 1	 8	 2	 4	13	 0	 0	 1	 0	 5	11	 1	 4	 4	 4	 4	 3	 5	 3
Cyclopterus_lumpus	  0	 32	  0	  0	131	  0	 21	 12	131	 23	  0	  0	129	 51	  0	105	110	 87	  0	 24	  0	  0	 24	  0	 40	131	 78	 30	131	 51	 46	  3	 45	131	  1	  1	  0	  0	 36	100	 29	131	114	  4	131	131	131	 30	 95	 78	  0	  2	  2	  0	125	 54	131	 28	 39	 10	 53	 17	131	  2
Danaus_plexippus	 1	11	 0	 1	16	 0	16	12	 7	 6	 0	 0	 7	 5	 1	 9	15	14	 0	14	 0	 0	16	 0	 5	10	 9	12	 7	 4	12	 0	22	12	 0	 0	 0	 0	23	 6	 5	 7	12	 7	26	 7	13	 8	13	22	 0	 0	 0	 0	29	17	12	 9	24	16	11	 7	18	 3
Daphnia_galeata	  0	 47	  0	  0	 16	  0	 20	 82	 45	 11	  0	  1	 37	 12	  1	 37	  5	 16	  0	 79	  0	  5	  9	  0	 18	  8	  4	  5	 36	  4	 54	  1	 56	107	  0	  0	  1	  0	 27	 67	 21	 40	 76	 14	101	 25	 38	 10	 48	  0	  0	  0	  0	  0	 29	 33	 14	 31	 16	 34	 31	 18	 34	  2
Dendroctonus_ponderosae	 0	 4	 0	 0	 3	 0	 4	 7	 3	 2	 0	 0	 5	 2	 0	 7	 3	 4	 0	 5	 0	 0	12	 0	 2	 6	 6	 3	 2	 1	 3	 1	 7	 4	 0	 0	 0	 0	11	 2	 2	 3	 8	 3	10	 4	 5	 4	 4	 8	 0	 0	 0	 0	 5	 5	 2	 2	 7	 5	 2	 2	 4	 1
Dermochelys_coriacea	 3	19	 0	 2	19	 0	23	18	 4	 8	 0	 3	 9	 9	 0	16	13	 5	 0	12	 0	 0	10	 0	 4	 4	 3	 4	17	 3	20	 2	11	12	 2	 0	 0	 0	15	17	 7	13	24	 7	19	 4	11	 4	18	18	 0	 0	 3	 0	13	20	 2	13	11	14	13	 6	10	 2
Diabrotica_virgifera	 0	26	 0	 1	30	36	30	36	36	 8	 0	 2	13	 4	 0	18	15	12	 0	10	 1	 2	20	 0	12	22	36	 5	 4	 5	10	 0	18	18	 0	 0	 3	 1	36	12	 5	17	18	10	23	 2	17	 9	19	22	 0	 0	 0	 3	33	22	 9	 8	32	20	 6	 3	 9	 1
Dictyocaulus_viviparus	 0	 1	 0	 0	 3	56	 1	 4	 4	 3	 0	 1	 4	 1	 1	 1	 1	10	 0	 1	 0	 0	 8	 0	 3	 6	 3	 1	 2	 1	 4	 0	 6	 9	 0	 0	 0	 1	 9	 2	 2	 2	 9	 5	 4	 4	 6	 8	13	10	 0	 0	 0	 0	 3	 7	 5	12	 5	 2	 1	 2	 8	 0
Dinoponera_quadriceps	 0	 4	 0	 0	 6	 0	12	 3	 2	 2	 0	 0	 3	 2	 0	 4	 3	 4	 0	 6	 0	 0	 5	 0	 1	 4	 6	 3	 3	 3	 8	 0	 7	 4	 0	 0	 0	 0	 6	 4	 2	 2	 5	 3	10	 4	 8	 4	 5	10	 0	 0	 0	 1	10	 8	 3	 3	 7	 5	 3	 4	 9	 1
Drosophila_erecta	 0	 9	 0	 1	 9	 0	 9	 6	 3	 2	 0	 0	 4	 4	 0	 8	 5	 7	 0	 9	 0	 0	 6	 0	 2	 5	 4	 7	 7	 5	 8	 0	 9	 8	 0	 0	 0	 0	 9	 6	 2	 6	 5	 3	12	 3	11	 4	 7	11	 0	 0	 0	 0	14	14	 2	 2	 6	 6	 7	 3	12	 1
Drosophila_grimshawi	 0	 6	 0	 0	 9	 0	10	 6	 2	 2	 0	 1	 4	 4	 0	 6	 4	 4	 0	 9	 0	 0	 5	 0	 2	 4	 3	 4	 7	 5	12	 0	 7	 7	 0	 0	 0	 0	 7	 3	 2	 8	 7	 3	 9	 4	11	 2	 6	 7	 0	 0	 0	 0	12	18	 2	 3	 6	 4	 6	 3	10	 0
Drosophila_guanche	 0	 9	 0	 0	 8	 0	 8	 6	 2	 2	 0	 0	 4	 4	 0	 7	 5	 0	 0	 8	 0	 0	 5	 0	 2	 7	 4	 4	 7	 3	 7	 0	10	 8	 0	 0	 1	 0	 9	 5	 2	 7	 6	 3	13	 4	11	 4	 6	10	 0	 0	 0	 0	11	12	 2	 3	 5	 6	 6	 3	12	 2
Drosophila_mauritiana	 0	 8	 0	 0	 9	 0	 9	 7	 4	 2	 0	 0	 4	 4	 0	 8	 5	 7	 0	10	 0	 0	 6	 0	 2	 5	 4	 7	 8	 5	 8	 0	10	 8	 0	 0	 0	 0	10	 6	 2	 6	 7	 2	13	 3	13	 4	 7	12	 0	 0	 0	 0	14	15	 2	 2	 6	 6	 7	 3	13	 0
Drosophila_melanogaster	 0	 8	 0	 0	 8	 0	10	 7	 4	 2	 0	 1	 4	 4	 0	 8	 4	 7	 0	10	 0	 0	 5	 0	 2	 5	 4	10	 8	 5	 8	 0	 9	 8	 0	 0	 0	 0	10	 6	 2	 6	 6	 3	12	 3	13	 3	 6	12	 0	 0	 0	 0	14	14	 2	 2	 6	 6	 7	 3	13	 0
Drosophila_pseudoobscura	 0	11	 0	 0	 7	 0	 9	11	 2	 2	 0	 1	 4	 3	 0	 8	 5	 5	 0	 9	 0	 0	 5	 0	 2	 6	 4	 4	 9	 4	 7	 0	10	 8	 0	 0	 0	 0	10	 5	 2	 8	 5	 3	10	 4	12	 5	 7	12	 0	 0	 0	 0	14	14	 2	 3	 6	 6	 6	 3	17	 3
Drosophila_sechellia	 0	 7	 0	 0	 9	 0	 8	 7	 4	 2	 0	 0	 4	 4	 0	 8	 5	 7	 0	 9	 0	 0	 7	 0	 2	 5	 4	 7	 8	 5	 8	 0	10	 8	 0	 0	 0	 0	10	 6	 2	 6	 6	 2	14	 3	12	 5	 8	12	 0	 0	 0	 0	14	15	 2	 2	 6	 6	 7	 3	12	 0
Drosophila_subpulchrella	 0	 9	 0	 0	 9	 0	16	 7	 4	 2	 0	 1	 4	 5	 0	 7	 5	 7	 0	11	 0	 0	 6	 0	 2	 6	 4	11	10	 6	 8	 0	 9	 9	 0	 0	 0	 0	10	 6	 2	 6	 6	 2	14	 3	17	 5	 8	13	 0	 0	 0	 0	19	14	 2	 5	 6	 8	 8	 7	15	 4
Drosophila_suzukii	 0	 8	 0	 0	 7	 0	 9	 6	 2	 1	 0	 0	 3	 5	 0	10	 5	20	 0	 6	 0	 0	 7	 0	 2	 8	12	10	 8	 6	 8	 0	 9	10	 0	 0	 0	 0	 8	 7	 2	 7	11	 2	14	 4	14	 3	 4	18	 0	 0	 0	 0	17	17	 2	 5	 6	 6	14	 9	14	 4
Dufourea_novaeangliae	 0	 3	 0	 0	 6	 0	 7	 4	 3	 2	 0	 0	 4	 3	 0	 4	 4	 4	 0	 5	 0	 0	 5	 0	 1	 2	 6	 3	 3	 3	 6	 0	 1	 5	 0	 0	 0	 0	 6	 3	 2	 3	 7	 4	10	 2	 5	 3	 5	 7	 0	 0	 0	 0	 8	 9	 3	 3	11	 5	 4	 4	 6	 1
Echinococcus_granulosus	0	0	0	0	0	0	0	0	0	0	0	1	1	1	0	1	0	0	0	0	0	0	0	0	1	1	0	0	0	1	0	2	0	0	0	0	0	0	1	0	0	0	1	1	2	1	0	5	0	0	0	0	0	0	0	0	0	6	0	4	0	0	0	1
Electrophorus_electricus	 0	34	 0	 1	14	 0	 7	10	 6	 3	 0	 0	12	 4	 0	24	17	 6	 0	34	 0	 0	34	 0	23	14	16	12	19	 8	14	 3	 9	34	 0	 0	 0	 0	19	31	16	19	 6	21	29	22	11	22	 6	 6	 0	 0	 0	 0	31	34	 4	 8	 6	17	 5	 9	10	13
Elysia_chlorotica	 0	17	 0	 0	18	 2	20	12	11	15	 0	 1	13	 7	 0	11	20	24	 0	17	 0	 0	15	 0	10	26	15	14	18	 7	21	 2	29	17	 0	 0	 1	 1	33	18	 9	17	26	10	56	 8	20	12	20	26	 0	 0	 1	 0	45	30	11	23	14	22	19	 7	23	 7
Enhydra_lutris	 0	 9	 0	 1	10	 0	11	25	 4	 4	 0	 0	 7	 4	 0	 7	 8	10	 0	 7	 0	 0	 7	 0	 4	 7	 5	 6	 4	 3	13	 4	12	10	 1	 0	 0	 0	14	10	 5	 6	13	 6	19	 5	48	 7	 8	17	 0	 0	 0	 0	 8	10	 7	 7	 8	 4	 9	 5	 9	 3
Equus_asinus	 0	12	 1	 0	13	 0	12	22	 4	 4	 0	 1	 6	 4	 0	 8	 7	10	 0	 9	 0	 0	 8	 1	 5	 7	 5	 5	 5	 4	 9	 4	20	10	 0	 0	 0	 0	16	10	 5	 7	15	 5	24	 4	15	 7	10	22	 0	 0	 2	 0	 9	12	 6	10	 8	 5	15	 9	14	 4
Equus_caballus	 0	12	 1	 0	12	 0	12	22	 4	 4	 0	 0	 6	 4	 0	 8	 7	10	 0	13	 0	 0	 9	 1	 4	 7	 5	 5	 8	 4	11	 4	22	13	 0	 0	 0	 0	17	10	 5	 7	14	 6	25	 5	18	 7	14	24	 0	 0	 2	 0	12	12	 9	10	12	10	16	 8	15	 8
Erinaceus_europaeus	 0	 7	 0	 0	 8	 0	12	33	 1	 3	 0	 1	 5	 3	 0	 7	 6	10	 0	 6	 0	 0	 5	 0	 3	 5	 4	 5	 6	 3	 8	 3	 9	 8	 0	 0	 0	 0	 7	 7	 4	 5	10	 5	16	 4	37	 7	 7	14	 0	 0	 0	 0	13	14	 6	 8	 8	 7	 4	 4	 8	 5
Eudyptes_filholi	 0	 4	 0	 0	 5	 0	 4	 2	 2	 2	 0	 2	 3	 3	 0	 7	 4	 6	 0	 8	 0	 0	 6	 0	 0	 6	 1	 3	 4	 4	 3	 1	 6	 6	 0	 0	 0	 0	11	 4	 3	 4	 6	 4	 9	 3	10	 4	 5	 7	 0	 0	 1	 0	10	 8	 1	10	 5	 4	 5	 3	 6	 3
Eufriesea_mexicana	 0	 5	 0	 0	 6	 0	 5	 3	 3	 2	 0	 1	 3	 4	 0	 5	 4	 3	 0	 5	 0	 0	 3	 0	 1	 4	 8	 3	 3	 3	 7	 0	 7	 6	 0	 0	 0	 0	 6	 4	 2	 2	 7	 3	11	 3	 4	 2	 5	10	 0	 0	 0	 0	 7	 7	 3	 4	 7	 3	 3	 3	 4	 1
Eumeta_japonica	 0	 8	 0	 0	10	 0	10	 5	 7	 6	 0	 0	 6	 3	 1	 5	 6	 5	 1	 7	 0	 0	13	 0	 4	 8	 6	 4	 5	 3	 3	 0	38	 7	 1	 0	 0	 0	 9	10	 4	 2	 9	 5	14	 4	 8	 5	 6	30	 0	 0	 0	 0	15	28	 3	23	 7	13	 6	 7	 8	 2
Eurytemora_affinis	 0	 1	 0	 0	 3	 0	 1	 0	 4	 4	 0	 0	 0	 3	 0	 4	 0	 1	 0	 0	 0	 0	 2	 0	 3	 0	 2	 9	 0	 3	 1	 0	 0	 2	 0	 0	 0	 0	 0	 2	 2	11	 0	 0	 1	 7	 1	 9	 2	 1	 0	 0	 0	 0	 1	 1	 0	 5	 1	 0	 0	 2	 2	 1
Felis_catus	  0	 11	  0	  0	 17	  0	 15	 23	  4	  4	  0	  1	  6	  4	  0	 12	  9	 14	  0	  8	  0	  0	 16	  0	  8	 11	  6	  8	  5	  5	 23	  4	 13	 18	  1	  0	  0	  0	 24	 19	 12	  8	 18	  6	 24	  5	108	 12	 14	 17	  0	  0	  0	  0	 13	 14	  6	 13	 13	 10	 21	  6	 15	  8
Fundulus_heteroclitus	 0	23	 0	 0	79	 0	34	25	37	14	 0	18	39	15	 0	36	35	13	 0	35	 0	 0	29	 0	38	 4	22	12	34	 4	78	 8	19	78	 1	 1	 0	 0	79	70	58	58	79	37	49	54	79	10	67	12	 0	 0	 0	 0	36	41	68	37	72	79	69	20	79	 2
Gallus_gallus	 0	 8	 0	 0	 9	 0	15	12	 2	 4	 0	 0	 4	 3	 0	 6	 5	 8	 0	 6	 0	 0	 7	 0	 2	 5	 2	 3	 8	 3	 6	 2	 7	 4	 0	 0	 0	 0	11	 7	 3	 6	 5	 4	14	 2	 6	 3	 8	10	 0	 0	 1	 0	 9	 7	 3	 6	 7	 8	 7	 3	 8	 5
Gekko_japonicus	 0	13	 0	 0	 7	68	 6	15	 1	19	 0	 2	 3	 2	 0	 4	 4	 6	 0	 3	 3	33	 6	 0	 3	12	 2	 4	 4	 2	 3	 3	 7	16	 0	 0	20	87	11	11	 6	34	 6	 4	13	10	 5	 2	 9	87	 1	 1	87	87	60	74	19	87	18	17	17	30	14	 4
Gigantopelta_aegis	 0	18	 0	 0	19	 0	35	19	12	24	 0	 2	14	13	 0	11	19	18	 0	18	 0	 0	27	 0	14	19	 9	20	11	 9	23	 1	34	15	 1	 0	 1	 0	39	17	 9	19	28	13	37	 8	29	 9	30	 1	 0	 0	 0	 0	24	15	14	12	22	15	20	 9	11	 4
Glossina_fuscipes	 0	 7	 0	 0	 7	 0	 8	 4	 4	 7	 0	 1	 9	 4	 0	 5	 2	 6	 0	12	 0	 0	 5	 0	 3	 3	 6	 4	 2	 3	 5	 0	 4	 8	 0	 0	 0	 0	 8	 5	 4	 3	 2	 4	12	 3	 5	 2	 8	 6	 0	 0	 0	 0	10	 8	 8	 3	11	 5	 3	 2	 4	 1
Gopherus_evgoodei	 7	42	 1	 6	70	 3	37	39	16	31	 0	 0	 4	 3	 0	 5	27	25	 0	 4	 1	 0	27	 0	27	28	10	11	28	10	74	 3	14	28	 1	 6	 1	 0	14	53	27	57	65	15	31	 6	31	11	65	40	 0	 2	 7	 0	36	10	12	18	22	33	 4	 4	20	 3
Gorilla_gorilla	 0	 9	 1	 0	 8	 0	12	20	 3	 4	 0	 0	 5	 4	 0	 7	10	 8	 0	 7	 0	 0	 9	 0	 3	 6	 5	 6	 5	 4	14	 5	13	10	 0	 0	 1	 0	21	 8	 7	 6	17	 6	16	 4	13	 6	 7	20	 0	 0	 0	 1	10	 9	 7	 8	14	 5	11	 5	 4	11
Grammomys_surdaster	 0	 8	 0	 0	 8	 0	 9	26	 3	 3	 0	 0	 4	 3	 0	 7	 5	 9	 0	 7	 0	 0	10	 0	 4	 6	 6	 5	 6	 3	11	 3	13	10	 0	 0	 0	 0	12	 7	 4	 4	 8	 5	14	 4	21	 6	 8	15	 0	 0	 0	 0	13	15	 4	 6	10	 6	 8	 3	 8	 5
Gymnodraco_acuticeps	 0	57	 0	 8	42	 1	87	87	23	29	 0	 7	29	18	 0	37	22	33	 1	87	 1	 0	51	 1	20	13	45	42	23	11	87	 4	86	23	 0	 0	 0	 0	53	42	19	34	48	53	69	26	21	64	26	77	 0	 0	 0	 0	38	63	26	47	25	87	21	18	87	77
Gymnogyps_californianus	 0	24	 0	 0	24	 0	24	15	 2	 3	 0	 3	 3	 4	 0	 6	 8	12	 0	 8	 0	 0	 8	 0	 1	 7	 2	 3	24	 4	 9	 1	 7	 5	 0	 0	 0	 0	 9	19	 2	 4	 5	 4	24	 4	14	 4	11	24	 0	 0	 0	 0	 9	10	 1	23	 6	24	10	17	 7	 4
Habropoda_laboriosa	 0	 5	 0	 0	 5	 0	 6	 2	 3	 2	 0	 0	 4	 3	 0	 6	 3	 4	 0	 4	 0	 0	 5	 0	 1	 2	 9	 3	 3	 3	 7	 0	 1	 3	 0	 0	 0	 0	 6	 4	 1	 3	 7	 4	11	 2	 4	 1	 5	12	 0	 0	 0	 0	11	 8	 3	 3	 5	 5	 3	 3	 4	 1
Halichoerus_grypus	 0	10	 0	 2	11	 0	11	21	 4	 5	 0	 1	 7	 4	 0	 8	 5	 9	 2	 6	 0	 0	 7	 0	 4	 6	 8	 6	14	 5	27	 4	11	10	 5	 1	 0	 0	24	13	 5	 8	31	 7	25	 6	44	44	 8	13	 0	 0	 1	 0	17	14	 6	 9	 9	14	 9	 6	44	 6
Haliotis_rufescens	  0	 67	  0	  0	204	  6	206	158	105	 78	  0	  4	197	 96	  0	194	 54	142	  1	195	  0	  0	154	  0	177	142	164	206	150	 50	166	  7	150	119	  0	  0	  1	  2	181	113	 82	183	140	126	206	142	206	183	115	111	  0	  0	  0	  1	206	206	 94	116	187	206	117	 59	206	 51
Halyomorpha_halys	 0	19	 0	 1	13	 0	29	11	10	 7	 0	 1	10	 5	 0	11	12	12	 0	 6	 0	 0	29	 0	 5	15	12	 5	 7	 6	10	 0	15	13	 0	 0	 0	 0	15	 9	 7	11	21	 9	29	 2	19	11	19	31	 0	 0	 0	 0	28	24	10	 9	23	21	 9	 4	14	 3
Harpegnathos_saltator	 1	 3	 0	 0	 5	 1	 8	 3	 2	 2	 0	 0	 3	 2	 0	 3	 4	 3	 0	 6	 0	 0	 5	 0	 1	 4	 7	 3	 2	 4	 6	 0	 7	 5	 0	 0	 0	 0	 6	 3	 2	 3	 6	 4	 9	 4	 7	 4	 4	10	 0	 0	 5	20	10	 7	 5	 5	 7	 4	 3	 3	 8	 1
Hermetia_illucens	 0	 8	 0	 0	 8	 0	13	10	 3	 5	 0	 0	 8	 3	 0	 8	 8	 5	 0	10	 0	 0	 9	 0	 3	15	11	 7	 2	 3	 4	 0	16	13	 0	 0	 0	 0	15	 6	 3	 7	12	 2	18	 2	20	 3	15	20	 0	 0	 0	 0	20	16	 6	 6	15	12	 4	 2	 9	 2
Heterocephalus_glaber	 0	 6	 0	 0	 6	 0	 7	22	 2	 3	 0	 0	 4	 3	 0	 6	 4	 8	 0	 5	 0	 0	 7	 0	 2	 5	 3	 4	 5	 3	 6	 3	 7	 7	 0	 1	 0	 1	 9	 7	 3	 4	 8	 6	13	 4	 9	 5	 7	14	 0	 0	 0	 1	 7	 9	 3	 5	 6	 4	 6	 4	 4	 3
Hirundo_rustica	 0	 5	 0	 0	 7	 0	11	11	 3	 2	 0	 1	 2	 2	 0	 3	 3	 8	 0	 5	 0	 0	 4	 0	 1	 2	 2	 2	 5	 2	 5	 1	 6	 4	 0	 0	 0	 0	 7	 3	 2	 3	 3	 3	 7	 2	20	 3	 4	 9	 0	 0	 1	 0	 7	 9	 1	 5	 4	 4	 4	 2	 4	 4
Homarus_americanus	 2	25	 0	 0	26	 0	29	26	10	11	 0	 3	14	 6	 0	29	18	24	 0	19	 0	 0	39	 0	11	36	12	29	18	 9	16	 1	35	27	 0	 0	 1	 0	36	16	17	18	21	18	67	17	38	16	41	24	 0	 0	 0	 2	74	43	15	23	32	24	46	74	31	13
Homo_sapiens	 0	10	 1	 0	31	 0	12	29	 4	 4	 0	 0	17	 4	 0	 7	21	 9	 0	 7	 0	 0	 9	 0	 4	 7	 7	 7	 9	 4	18	16	15	11	 0	 0	 3	 0	28	 9	 6	 6	25	 6	30	 6	12	 5	15	31	 0	 0	 0	 0	13	14	 5	31	 8	 9	18	10	14	 8
Hydra_vulgaris	 0	 7	 0	 0	13	 0	10	 9	 9	 7	 0	 1	10	 2	 0	 8	 8	 7	 0	 7	 0	 0	 7	 0	 3	20	 8	 5	 3	 2	 4	 1	12	 7	 0	 0	 0	 0	16	 9	 5	 8	16	 8	13	 2	 8	 2	15	10	 0	 0	 0	 0	20	14	 5	10	15	17	 4	 2	 6	 2
Ignelater_luminosus	 0	14	 1	 1	13	 0	31	12	11	10	 2	 1	11	 5	 0	16	14	18	 3	12	 0	 0	29	 0	 9	27	27	11	 2	 1	 8	 0	16	22	 0	 0	 0	 0	24	19	11	12	18	16	25	 6	17	 9	16	33	 0	 0	 0	 0	31	47	16	11	18	24	17	 2	12	 2
Ixodes_scapularis	 77	143	 21	 21	143	143	143	 30	 12	 61	  0	  0	 15	 57	  0	 22	 43	 45	  0	 26	  0	 32	 41	  0	 11	 53	  8	 24	 60	 20	 59	  3	 90	 77	  1	  0	  1	143	143	 21	 32	143	 29	 31	 67	 68	121	 18	 41	143	  2	  0	  1	  6	143	 90	 13	 64	 43	 39	 37	 22	 67	124
Lamprotornis_superbus	 0	 3	 0	 0	 7	 0	 8	10	 2	 2	 0	 1	 1	 4	 0	 4	 4	 8	 0	 5	 0	 0	 5	 0	 1	 2	 2	 3	 6	 2	 2	 2	 5	 5	 0	 0	 0	 0	 8	 4	 2	 3	 4	 2	 5	 2	 5	 3	 4	10	 0	 0	 1	 0	 7	 9	 1	 6	 4	 5	 4	 3	 4	 4
Lates_calcarifer	 1	68	 0	 0	56	 0	55	23	 6	14	 0	 1	10	 6	 0	21	19	46	 0	29	 0	 0	31	 0	11	40	15	 9	41	13	40	 6	26	44	 0	 0	 0	 0	68	26	 9	27	30	20	68	 7	41	26	38	44	 0	 0	 1	 0	56	68	 9	68	26	68	36	10	41	 5
Lepeophtheirus_salmonis	 0	 7	 0	 0	 3	 0	 2	13	 9	 6	 0	 3	 4	 4	 0	20	 3	 0	 0	 4	 0	 0	19	 0	 5	 1	19	13	 3	 3	 4	 0	19	 4	 0	 0	 0	 0	 4	 3	 4	13	20	 4	19	 8	 2	 4	 2	 1	 0	 0	 0	 0	 2	 2	11	10	10	20	 3	 2	 3	 3
Lepidothrix_coronata	 0	 3	 0	 0	 7	 0	 8	 4	 2	 3	 0	 0	 1	 3	 0	 4	 3	 2	 0	 5	 0	 0	 3	 0	 1	 0	 2	 3	 7	 2	 3	 2	 6	 5	 0	 0	 0	 0	10	 4	 1	 2	 6	 3	 5	 2	10	 3	 4	12	 0	 0	 1	 0	 9	12	 1	 3	13	 2	 4	 3	20	 5
Leptinotarsa_decemlineata	 0	 5	 0	 0	11	 0	 7	 6	 6	 2	 0	 0	 6	 2	 0	 9	 6	 6	 0	 6	 0	 0	11	 0	 4	 9	 7	 4	 2	 3	 4	 0	15	 8	 0	 0	 0	 0	 9	 4	 4	 5	10	 3	16	 4	 7	 3	10	15	 0	 0	 0	 0	18	13	 5	 6	17	10	 5	 4	 8	 3
Leptonychotes_weddellii	 0	10	 0	 0	11	 0	 9	22	 5	 4	 0	 0	 5	 4	 0	 8	 6	 9	 0	 8	 0	 0	 7	 0	 4	 6	 6	 6	 4	 4	14	 4	10	10	 0	 0	 0	 0	16	10	 5	 7	24	 5	22	 5	51	18	 8	15	 0	 1	 0	 0	 8	 6	 8	 9	 8	 5	 7	 5	16	 4
Linepithema_humile	 0	 4	 0	 0	 5	 0	 5	 3	 2	 1	 0	 0	 2	 2	 0	 4	 3	 2	 0	 4	 0	 0	 5	 0	 1	 3	 5	 2	 2	 3	 5	 0	 5	 4	 0	 0	 0	 0	 6	 3	 2	 3	 4	 2	 8	 4	 5	 3	 4	 7	 0	 0	 2	20	 8	 4	 2	 2	 2	 3	 3	 4	 4	 1
Loa_loa	0	1	0	0	2	0	4	2	2	2	0	1	3	1	0	2	2	2	0	3	0	0	3	0	2	3	4	3	2	2	2	1	3	2	0	0	0	0	4	2	3	3	5	2	7	2	2	3	3	2	0	0	0	0	6	4	2	4	5	3	2	1	2	1
Lonchura_striata	0	3	0	1	7	0	7	9	2	1	0	0	3	2	0	4	2	6	0	6	0	0	4	0	1	1	2	3	5	2	3	1	5	3	0	0	0	0	7	5	2	2	5	3	5	2	6	3	3	9	0	0	1	0	6	6	1	5	3	4	3	1	6	4
Loxodonta_africana	  1	 28	  0	  1	 31	  0	 19	 27	 11	  7	  0	  5	 15	  4	  0	 22	 14	 14	  2	 13	  0	  0	 21	  0	  7	 13	 11	 14	  9	  3	 20	  3	 43	 13	  1	  0	  0	  1	 45	 38	  7	 18	 61	 59	 45	  9	 34	  9	 40	 40	  0	  0	  1	  0	 17	 26	 41	 37	 60	195	 33	 14	 17	 40
Lucilia_cuprina	 0	13	 0	 0	26	 0	32	13	12	11	 0	 0	21	 4	 0	18	 9	18	 0	29	 0	 0	18	 0	 5	17	20	 7	 8	 2	 8	 1	25	22	 0	 0	 2	 1	28	13	 8	18	31	 9	32	 4	27	 6	20	32	 0	 0	 4	 2	32	32	15	10	32	12	 7	 4	10	 1
Lynx_canadensis	 0	11	 0	 0	13	 0	12	23	 6	 7	 0	 1	 6	 4	 0	13	 5	 9	 0	 8	 0	 0	11	 1	 8	13	68	68	 5	 4	22	 9	12	10	 4	 0	 0	 0	18	11	 6	 9	30	15	21	 7	68	24	 9	15	 0	 0	 0	 0	12	14	 6	10	11	16	12	 6	33	 8
Lynx_pardinus	 0	 1	 0	 0	 1	 0	 0	 0	 0	 1	 4	33	 0	 1	 1	 1	 0	 3	 0	 1	 0	 0	 5	 1	 2	 5	23	57	 0	 1	 2	 2	 0	 0	 1	 0	 0	 0	 3	 1	 1	 1	 6	 3	 3	 0	94	 7	 0	 1	 0	 0	 0	 0	 1	 0	 0	 0	 4	 4	 2	 0	 5	 0
Macaca_mulatta	 0	 9	 0	 0	11	 0	11	20	 4	 5	 0	 0	 6	 4	 0	 8	 9	 8	 0	 7	 0	 0	10	 0	 3	 6	 5	 5	12	 4	11	 4	13	 9	 1	 0	 4	 0	20	 8	 5	 6	15	 6	20	 4	10	 5	 8	20	 0	 0	 0	 0	20	20	 6	11	13	11	11	 5	13	 8
Manis_javanica	 0	 3	 0	 0	 4	 0	 7	14	 1	 4	 0	 1	 3	 2	 0	 5	 3	 6	 0	 3	 0	 0	 6	 0	 2	 3	 2	 3	 3	 2	 4	 3	 5	 8	 0	 0	 0	 0	 6	 3	 2	 3	 5	 4	 8	 2	 5	 5	 4	 8	 0	 0	 0	 0	 5	 7	 3	 6	 5	 4	 4	 2	 5	 2
Marmota_flaviventris	 0	10	 0	 1	11	 2	13	38	 4	 7	 0	 0	 5	 4	 0	10	 5	 8	 0	 6	 0	 1	 5	 3	 3	 9	 5	 8	 9	 3	 8	 3	11	15	 0	 0	10	 3	15	 7	 8	23	10	 9	24	 4	11	 5	 7	56	 1	 2	 0	13	12	13	11	48	 5	 9	37	12	15	 6
Mastomys_coucha	 0	 7	 0	 0	10	 0	10	33	 5	 3	 0	 0	 4	 4	 0	 8	 3	 8	 0	 6	 0	 0	 8	 0	 3	 6	 5	 6	 5	 3	 9	 3	10	10	 0	 0	 0	 0	11	 8	 6	 4	11	 5	15	 4	18	 7	 8	12	 0	 0	 0	 1	13	14	 4	 4	 8	 6	 7	 4	 7	 5
Megachile_rotundata	 0	 4	 0	 0	 5	 0	 5	 3	 3	 2	 0	 0	 2	 3	 0	 3	 4	 4	 0	 4	 0	 0	 4	 0	 1	 4	 7	 3	 3	 3	 4	 0	 6	 5	 0	 0	 0	 0	 6	 4	 2	 3	 6	 4	 9	 2	 5	 2	 6	10	 0	 0	 0	 0	 9	 7	 3	 3	 6	 4	 3	 3	 7	 1
Melanaphis_sacchari	 0	 5	 0	 0	 5	 0	11	 3	 5	 3	 0	 0	 5	 1	 0	 5	 3	 4	 0	 5	 0	 0	 6	 0	 2	 4	 5	 4	 2	 3	 2	 0	 6	 7	 0	 0	 0	 0	 8	 4	 2	 4	10	 3	10	 2	 5	 2	 6	 7	 0	 0	 0	 0	11	 8	 4	 2	 9	 7	 3	 2	 4	 1
Melipona_quadrifasciata	 0	 4	 0	 0	 5	 0	 3	 3	 3	 2	 0	 0	 2	 2	 0	 4	 3	 4	 0	 6	 0	 0	 4	 0	 1	 4	 5	 3	 3	 2	 6	 0	 0	 5	 0	 0	 0	 0	 6	 3	 2	 3	13	 3	 8	 2	 4	 2	 4	 6	 0	 0	 0	 0	 5	 5	 3	 2	 5	 4	 3	 2	 5	 1
Melitaea_cinxia	 0	10	 0	 0	12	 0	16	12	 7	 5	 0	 0	 8	 6	 0	14	11	13	 0	14	 0	 0	14	 0	 5	 8	10	10	 8	 5	 9	 0	22	13	 0	 0	 0	 6	19	11	 6	 7	11	 8	26	 6	20	 8	14	22	 0	 0	 0	 5	26	18	15	 9	21	16	 9	10	14	 3
Melospiza_melodia	 0	 4	 0	 0	 8	 0	 7	13	 2	 1	 0	 1	 2	 2	 0	 4	 4	 4	 0	 5	 0	 0	 4	 0	 1	 2	 2	 3	 5	 2	 4	 1	 5	 4	 0	 0	 0	 0	 8	 4	 1	 3	 6	 4	 7	 1	 7	 3	 4	11	 0	 0	 1	 0	 7	 9	 1	 5	 4	 5	 4	 3	 7	 4
Meriones_unguiculatus	 0	 8	 0	 1	 9	 0	 9	39	 3	 4	 0	 0	 4	 3	 0	 7	 5	 8	 0	 5	 0	 0	 9	 0	 3	 6	 5	 6	 9	 3	10	 3	11	 9	 0	 0	 0	 0	 8	 7	 4	 4	15	 5	16	 4	12	 5	 9	17	 0	 0	 0	 0	19	28	 4	 5	 8	13	10	 3	14	 7
Micropterus_salmoides	  1	 63	  0	  1	 88	  0	103	 41	 14	 49	  0	  1	 74	 25	  0	 41	 53	 67	  0	 55	  2	  0	 50	  0	 25	 53	 57	 67	 72	 40	 58	  5	103	 84	  0	  0	  0	  0	103	 45	 20	103	 81	103	103	 24	103	 92	 51	 49	  0	  0	  0	  0	103	 71	 21	 44	 70	 74	 44	 14	 88	  7
Microtus_ochrogaster	 0	 8	 0	 0	10	 0	12	18	 4	 3	 0	 0	 4	 3	 0	 8	 5	 8	 0	 7	 0	 1	 7	 0	 4	 6	 8	 6	 7	 3	 8	 4	13	 8	 0	 0	 1	 0	14	 7	 4	 5	10	 5	15	 4	54	 6	 8	15	 0	 0	 0	 1	22	10	 4	 6	 9	 7	 8	 4	12	 5
Miniopterus_natalensis	 0	 5	 0	 0	 6	 0	 5	21	 2	 2	 0	 0	 3	 2	 0	 5	 3	 6	 0	 5	 0	 1	 4	 2	 2	 5	 3	 5	 4	 2	 6	 2	 9	 6	 0	 1	 0	 1	 7	 6	 3	 3	 8	 4	 9	 3	 7	 3	 4	 8	 0	 0	 0	 0	 6	 8	 2	 3	 4	 4	 3	 2	 5	 3
Mirounga_leonina	 0	10	 0	 1	 8	 0	 8	20	 4	 5	 0	 0	 6	 4	 0	 8	 5	 9	 0	 8	 0	 0	 9	 0	 4	 6	 6	 6	 4	 4	16	 4	11	10	 0	 0	 0	 0	19	11	 6	 6	20	 6	19	 4	52	15	 7	16	 0	 1	 1	 0	 9	 8	 8	 9	 9	 5	 7	 5	13	 3
Molossus_molossus	 0	 4	 0	 0	 5	 0	 7	20	 2	 2	 0	 1	 2	 2	 0	 4	 3	 6	 0	 4	 0	 0	 5	 0	 2	 4	 3	 4	 5	 2	 4	 2	 6	 5	 0	 0	 2	 0	 7	 5	 3	 3	 7	 4	 8	 3	 6	 4	 3	 6	 0	 0	 0	 0	 9	10	 3	 4	 5	 5	 3	 2	 5	 4
Molothrus_ater	 0	 8	 0	 0	10	 0	11	10	 2	 2	 0	 1	 2	 2	 0	 4	 4	 8	 0	 6	 0	 0	 5	 0	 1	 2	 2	 2	 6	 2	10	 2	 6	 3	 0	 0	 0	 0	 8	 4	 2	 3	 5	 4	11	 2	 9	 3	 5	 9	 0	 0	 1	 0	 7	 9	 1	 6	 4	 4	 4	 3	 7	 4
Monodelphis_domestica	 0	12	 0	 3	12	 0	14	41	 2	 5	 0	 0	 4	 3	 0	 8	 8	11	 0	 5	 0	 0	 9	 0	 5	 8	 5	 5	11	 3	11	 4	13	12	 0	 0	 0	 0	12	 8	 6	 7	13	 5	25	 3	19	 5	 9	14	 1	 0	 0	 0	22	23	 5	 9	14	10	 8	 4	12	 8
Motacilla_alba	 0	 7	 0	 0	 7	 0	10	 9	 2	 2	 0	 1	 1	 2	 0	 3	 3	 8	 0	 6	 0	 0	 5	 0	 1	 2	 2	 1	 6	 2	 7	 2	 5	 3	 0	 0	 0	 0	 7	 4	 1	 3	 6	 3	11	 2	 3	 3	 3	12	 0	 0	 1	 0	 6	10	 1	 5	 3	 4	 2	 3	 3	 3
Mus_musculus	 0	 7	 0	 0	 7	 1	10	57	 3	 3	 0	 0	 4	 3	 0	 8	 6	 6	 1	 6	 0	 0	10	 0	 3	 8	 6	 5	10	 3	10	 3	11	 9	 0	 0	 0	 0	13	 8	 5	 5	10	 5	16	 4	18	 5	 9	13	 0	 2	 0	 0	16	14	 3	12	 8	 7	13	 9	12	 6
Mus_pahari	 0	 8	 0	 0	 9	 0	11	35	 4	 4	 0	 0	 4	 3	 0	 7	 5	 8	 0	 6	 0	 0	 9	 0	 3	 7	 4	 5	 6	 3	10	 3	11	 8	 0	 0	 0	 0	 9	 7	 4	 4	10	 5	17	 5	13	 5	 8	15	 0	 0	 0	 0	11	13	 4	 6	 8	 4	 9	 3	 7	 4
Musca_domestica	 0	24	 0	 0	26	 0	38	15	 9	 9	 0	 0	21	 7	 0	20	16	24	 0	41	 0	 0	18	 0	 5	17	18	11	 6	 3	 9	 0	39	33	 0	 0	 0	 0	37	13	 8	18	39	 6	43	 7	35	10	41	43	 0	 0	 0	 0	42	43	18	10	33	13	13	 4	21	 2
Mustela_putorius	 0	 9	 0	 0	11	 0	12	25	 4	 4	 0	 1	 6	 4	 0	10	 6	 9	 0	 7	 0	 0	10	 0	 4	 6	 5	 8	10	 3	13	 5	11	10	 1	 0	 0	 0	21	10	 7	 7	21	 6	17	 5	36	11	 8	15	 0	 0	 0	 0	16	16	 5	 8	13	11	10	 5	21	 4
Myotis_brandtii	 0	 5	 1	 0	 7	 0	 5	24	 2	 2	 0	 1	 3	 2	 0	 5	 3	 6	 4	 5	 1	 3	13	 2	 2	 4	 2	 4	 5	 2	 6	 2	 7	 5	 0	 0	 0	 0	 8	 5	 3	 4	 5	 4	13	 3	 6	 4	 4	 7	 0	 0	 0	 0	10	 9	 2	 4	 5	 5	 4	 3	 6	 3
Myotis_lucifugus	 0	 6	 0	 0	 5	 0	 7	31	 2	 2	 0	 0	 3	 2	 0	 4	 3	 6	 2	 6	 0	 0	11	 6	 2	 3	 3	 5	 5	 3	 6	 2	10	 5	 0	 0	 0	 0	 9	 5	 3	 5	 3	 5	13	 3	11	 5	 5	 8	 0	 0	 0	 0	 8	 8	 2	 1	 5	 6	 5	 3	 6	 3
Myotis_myotis	 0	 6	 0	 0	 6	 0	 7	20	 2	 1	 0	 1	 3	 2	 0	 4	 3	 6	 1	 5	 0	 0	 9	 5	 2	 5	 3	 4	 5	 2	 6	 2	10	 5	 0	 0	 2	 0	 8	 5	 3	 4	 5	 4	10	 3	 8	 5	 4	 7	 0	 0	 0	 0	 8	 9	 2	 4	 5	 5	 5	 3	 6	 3
Naja_naja	 0	10	 0	 0	 6	 0	 6	11	 2	 1	 0	 1	 3	 2	 0	 2	 4	 3	 0	 4	 0	 0	 4	 0	 2	 3	 4	 2	 3	 2	 6	 2	 5	 3	 0	 0	 0	 0	19	 9	 2	 2	 5	 3	 8	 2	 5	 2	 8	 8	 0	 0	 0	 0	 6	 6	 3	20	 8	 7	 4	 2	 5	 2
Nasonia_vitripennis	 0	 3	 0	 0	 7	 0	11	 5	 3	 2	 0	 0	 3	 3	 0	 4	 6	 6	 0	 4	 0	 0	 8	 0	 2	 6	 4	 3	 4	 2	 5	 0	 9	 5	 0	 0	 0	 0	 9	 4	 4	 2	 7	 3	11	 3	11	 3	 7	13	 0	 0	 0	 0	10	10	 3	 3	 7	 5	 3	 3	 7	 1
Necator_americanus	 0	 6	 0	 0	12	 1	 4	13	11	 6	 1	 2	 4	 3	 0	 7	 5	10	 0	11	 0	 0	11	 0	 4	 9	14	 7	 6	10	 9	 2	 8	10	 0	 0	 0	 0	10	 8	11	 8	 7	 6	17	 6	 6	10	 9	11	 0	 0	 0	 1	 9	 8	 4	11	 5	15	 4	 3	 1	10
Nematolebias_whitei	 0	13	 0	 1	 8	 0	12	24	12	 7	 0	 1	 5	13	 0	10	 7	 8	 0	 6	 0	 0	 7	 8	10	 5	 4	 5	12	 5	11	 4	 8	13	 0	 0	 0	 0	13	 7	 7	21	31	31	11	 6	31	 5	 8	13	18	 1	 0	 0	17	13	 4	 3	10	20	 8	10	26	 3
Neomonachus_schauinslandi	 0	 9	 0	 2	10	 0	10	20	 5	 4	 0	 0	 6	 4	 0	 7	 6	 8	 0	 8	 0	 0	 8	 0	 4	 6	 6	 4	 4	 4	12	 4	10	10	 1	 1	 0	 0	16	11	 5	 7	23	 6	20	 4	62	14	 8	15	 0	 0	 0	 0	 9	 8	 8	 9	 9	 5	 7	 5	16	 6
Neophocaena_asiaeorientalis	 0	11	 0	 0	11	 0	10	21	 4	 4	 0	 3	 6	 4	 0	43	 7	 7	 0	 7	 0	 0	 8	 0	 4	 6	 7	 7	 4	 4	 9	 6	11	 8	 1	 0	 0	 0	13	12	 6	 7	42	27	14	 4	19	30	 8	14	 1	 4	 1	 1	22	18	 9	22	83	83	16	12	83	83
Nicrophorus_vespilloides	 2	18	 0	 0	20	 0	34	13	 7	 5	 0	 0	16	 5	 0	14	14	17	 0	14	 0	 0	25	 0	 3	17	19	 4	 9	 8	15	 0	20	25	 0	 0	 0	 0	32	14	 4	 6	17	 6	34	 4	24	11	26	28	 0	 0	 0	 0	28	22	16	 6	23	21	 7	 7	14	 2
Notolabrus_celidotus	 0	21	 0	 1	47	 0	64	52	14	16	 0	 0	26	14	 0	43	25	31	 1	63	 0	 0	64	 0	20	14	30	32	31	 8	33	 3	40	16	 0	 1	 0	 0	21	52	14	13	64	52	64	19	64	25	14	55	 0	 0	 0	 0	42	64	13	20	64	29	32	18	44	 5
Numida_meleagris	 0	 5	 0	 0	10	 0	 7	12	 2	 4	 0	 0	 3	 3	 0	 6	 2	 8	 0	 8	 0	 0	 7	 0	 2	 3	 2	 3	 8	 3	 3	 2	 7	 6	 0	 0	 0	 0	10	 7	 3	 4	 4	 4	15	 2	 8	 3	 6	10	 0	 0	 1	 0	10	 8	 2	 7	 7	 6	 8	 4	 9	 6
Nyctereutes_procyonoides	  0	  9	  0	  0	 11	  0	  9	 19	  3	  3	  0	  4	  4	  5	  1	  7	  5	  7	  0	  6	  0	  0	  9	  0	  5	  6	  6	  5	 10	  4	 14	  3	  8	  8	  0	  1	  0	  0	 13	  9	  5	  6	 19	  7	 19	  4	160	 16	  5	 10	  1	  0	  0	  0	 14	 14	  5	  9	 10	 11	  8	  5	 20	  5
Nylanderia_fulva	 0	 5	 0	 0	 5	21	 6	 4	 3	 2	 0	 0	 3	 3	 0	 6	 4	 4	 0	 5	 0	 0	 6	 0	 2	 5	 9	 4	 4	 4	 9	 0	 7	 6	 0	 0	 0	 7	 6	 4	 3	 4	 7	 3	 9	 5	 7	 4	 5	10	 0	 0	16	21	12	 9	 3	 4	 6	 4	 3	 4	 6	 5
Octopus_bimaculoides	 1	14	 0	 0	27	 0	18	12	21	11	 0	 1	15	 7	 0	17	13	12	 0	20	 0	 0	21	 0	10	13	20	19	14	 6	13	 4	18	25	 2	 0	 0	 0	36	20	14	18	40	 9	58	 8	23	10	21	31	 0	 0	 0	 1	34	24	15	29	33	12	14	 7	21	 4
Odocoileus_virginianus	  0	 12	  8	 90	 25	  5	 22	204	  6	  4	  0	  6	  7	  5	  0	 43	 10	 13	  0	  9	  0	  0	 12	  4	  4	 11	 12	  7	  4	  4	 16	  6	 12	 15	  0	  1	  0	  1	 19	 14	  6	  8	 41	 10	 34	  5	 26	 21	 10	 27	  1	  2	  0	  2	 20	 20	  9	 20	106	 57	 21	 11	 38	174
Odontomachus_brunneus	 1	 6	 0	 0	12	20	 8	 3	 2	 1	 0	 0	 4	 2	 0	 4	 3	 4	 0	 5	 0	 0	 5	 0	 3	 4	 8	 3	 5	 5	 7	 0	 8	 5	 0	 0	 0	 2	 6	 5	 4	 2	 6	 3	10	 4	 6	 3	 4	15	 0	 0	 4	20	13	 8	 3	 4	10	 5	 3	 4	 8	 1
Oenanthe_oenanthe	 0	 3	 0	 0	 6	 0	 8	11	 1	 2	 0	 1	 2	 5	 0	 4	 5	 5	 0	 5	 0	 0	 4	 0	 1	 2	 1	 1	 4	 2	 4	 1	 5	 3	 0	 0	 0	 0	 8	 4	 1	 1	 5	 3	 7	 2	 9	 3	 4	11	 0	 0	 1	 0	 6	 9	 1	 6	 2	 5	 0	 3	 4	 4
Onthophagus_taurus	 0	 7	 0	 0	12	 0	14	 6	 9	 4	 0	 0	 6	 3	 0	 7	 5	 5	 0	 5	 0	 0	13	 0	 2	20	19	 3	 2	 4	 4	 0	13	 7	 0	 0	 2	 0	 9	 7	 3	 5	13	 4	17	 3	 7	 4	20	20	 0	 0	 1	 0	14	20	19	 8	17	20	 2	 3	 5	 2
Onychomys_torridus	 1	17	 0	 1	 7	 3	10	42	 2	 5	 0	 2	 5	 4	 0	 7	 4	10	 0	 6	 0	 0	10	 0	 3	 6	 5	 5	10	 3	11	 3	10	29	 2	 0	 0	 1	15	 8	 4	 5	15	 5	20	 4	99	 5	20	99	 3	 8	 1	36	15	15	 3	17	 7	11	 6	 9	15	 6
Onychostruthus_taczanowskii	 0	 5	 0	 0	 8	 0	10	 9	 2	 2	 0	 1	 1	 3	 0	 4	 4	 4	 0	 5	 0	 0	 5	 0	 1	 2	 2	 3	 6	 2	 5	 1	 6	 6	 1	 0	 0	 0	 8	 5	 2	 3	 5	 3	 9	 2	 4	 2	 4	 9	 0	 0	 1	 0	 7	 7	 1	 5	 3	 4	 5	 3	 4	 4
Ophiophagus_hannah	 0	 7	 0	 0	 7	 0	 7	11	 2	 3	 1	 2	 3	 3	 0	 3	 4	 4	 0	 4	 0	 0	 5	 0	 1	 5	 3	 2	 3	 2	 5	 2	 5	 5	 0	 0	 0	 0	13	 7	 3	 3	 4	 3	 7	 1	 4	 3	 6	10	 0	 0	 0	 0	 7	 4	 2	 5	 5	 4	 5	 1	 6	 2
Orbicella_faveolata	 0	14	 0	 0	 1	 3	15	16	13	42	 0	 2	 4	 7	 0	 6	12	 5	 0	26	 0	 0	32	 0	 8	 4	 9	 6	16	 1	 9	 2	 1	42	 4	 1	32	42	25	16	11	18	26	17	39	 9	18	18	13	17	 0	 2	 3	 5	22	23	 1	 9	42	13	 3	 3	16	 1
Ornithorhynchus_anatinus	 1	13	 0	 0	25	 3	24	32	11	 6	 0	 4	 7	 7	 0	10	 7	15	 0	11	 0	 1	 9	 0	 5	13	 6	10	17	 9	17	12	23	16	 0	 1	 1	 0	18	15	 7	17	35	 6	27	 8	21	 8	16	20	 0	 1	 1	 1	25	39	16	13	20	15	12	12	26	11
Orussus_abietinus	0	3	0	0	3	0	7	2	2	2	0	0	2	2	0	3	3	4	0	3	0	0	4	0	2	2	3	3	3	2	9	0	6	4	0	0	0	0	4	3	2	2	4	2	8	3	5	3	4	6	0	0	0	0	7	5	2	3	4	4	2	3	6	2
Osmia_bicornis	 0	 4	 0	 0	 4	 0	 6	 3	 3	 2	 0	 0	 3	 3	 0	 3	 3	 4	 0	 5	 0	 0	 5	 0	 1	 4	 8	 4	 3	 3	 5	 0	 7	 5	 0	 0	 0	 0	 6	 4	 2	 3	 6	 3	11	 2	 5	 2	 5	 7	 0	 0	 0	 0	 7	 6	 3	 3	 5	 5	 3	 3	 6	 1
Osmia_lignaria	 0	 4	 0	 0	 4	 0	 5	 3	 3	 2	 0	 0	 2	 2	 0	 3	 4	 4	 0	 5	 0	 0	 5	 0	 1	 4	 8	 2	 3	 3	 5	 0	 7	 5	 0	 0	 0	 0	 6	 4	 2	 3	 6	 3	10	 2	 5	 2	 5	 7	 0	 0	 0	 0	 9	 6	 3	 3	 5	 4	 3	 3	 5	 1
Ovis_aries	  1	 18	  7	 94	 34	120	 30	304	  8	  5	  0	  6	  9	  5	  0	160	 10	 13	  6	 13	  0	  1	 18	  4	  4	  9	 15	 11	 13	  4	 28	  6	 19	 15	  0	  1	  0	  0	 35	 19	  5	 11	 35	 13	 42	  7	 31	 24	 13	 30	  0	  5	  0	  1	 23	 34	  7	 21	111	 62	 23	  8	 48	153
Owenia_fusiformis	 1	10	 0	 0	45	11	28	23	 9	10	 0	 3	 9	 3	 1	 9	10	14	 0	12	 0	 0	49	 0	10	18	11	 8	 8	 2	 8	 1	17	10	 0	 0	 0	 0	29	18	 8	19	23	20	61	 5	37	 7	20	14	 0	 0	 0	 1	37	32	22	13	20	24	11	 3	14	 2
Oxyura_jamaicensis	 0	 7	 0	 0	10	 0	10	 4	 3	 4	 0	 0	 3	 1	 0	 6	 7	 6	 0	11	 0	 0	10	 0	 2	 2	 4	 3	 9	 3	 4	 1	 7	 6	 0	 0	 0	 0	13	 9	 2	 4	 4	 4	13	 2	 9	 4	 6	12	 0	 0	 1	 0	 8	14	 3	 4	 8	 6	 7	 3	 8	 9
Pan_troglodytes	 0	 9	 1	 0	11	 0	13	20	 4	 4	 0	 0	 5	 4	 0	 7	 8	 9	 0	 7	 0	 0	10	 0	 3	 7	 5	 6	 4	 4	12	 4	12	 9	 1	 1	 1	 0	17	 8	 5	 6	16	 6	20	 4	14	 5	 9	20	 0	 0	 0	 0	 8	 9	 7	 9	 8	 5	12	 5	 5	 9
Panthera_leo	 0	10	 0	 0	12	 0	13	24	 4	 4	 0	 1	 6	 4	 0	11	 6	 9	 0	 8	 1	 0	11	 2	 7	17	63	63	 9	 4	18	10	12	10	 5	 0	 0	 0	20	10	 6	 9	25	13	22	 7	63	22	 9	15	 0	 0	 0	 0	14	15	 4	10	12	17	12	 6	30	 6
Panthera_tigris	 0	 5	 0	 0	10	 0	11	22	 3	 4	 0	 0	 5	 4	 0	 7	 6	 9	 0	 7	 0	 0	 8	 0	 4	 6	 3	 5	 4	 2	13	 3	12	10	 1	 0	 0	 0	14	10	 4	 9	19	 5	22	 4	86	11	 8	16	 0	 0	 0	 0	 5	11	 7	 9	 8	 3	 4	 4	14	 2
Pantherophis_guttatus	 0	 8	 0	 1	 4	 0	 6	13	 2	 2	 0	 0	 4	 2	 0	 3	 3	 7	 0	 3	 0	 0	 7	 0	 2	 3	 4	 3	 5	 1	 5	 2	 5	 6	 1	 0	 0	 0	 8	 5	 3	 3	 7	 3	 9	 2	 4	 9	 7	16	 0	 0	 0	 0	 8	 9	 3	 6	 9	 5	 4	 2	 8	 4
Papilio_machaon	 0	13	 0	 0	13	 0	17	13	 7	 6	 0	 0	 6	 8	 0	14	11	14	 0	14	 0	 0	13	 0	 7	 8	11	14	12	 7	11	 0	16	16	 0	 0	 0	 0	23	11	 8	 9	13	 6	28	 7	16	 9	15	29	 0	 0	 0	 0	26	18	 6	10	14	14	15	12	18	 4
Paramormyrops_kingsleyae	 0	11	 0	 0	13	 0	27	11	17	 6	 0	 1	11	11	 0	21	13	10	 1	 7	 0	 0	14	 0	 5	 6	11	13	11	 7	12	11	12	16	 0	 0	 0	 0	 9	14	16	 8	18	16	20	 9	11	18	 9	14	 1	 0	 0	 0	14	11	16	 9	11	 9	 7	 6	18	 9
Patagioenas_fasciata	0	1	0	0	5	0	6	7	2	3	0	1	2	3	0	5	4	4	0	5	0	0	4	0	1	3	2	3	6	3	3	1	4	5	0	0	0	0	6	5	3	3	4	4	6	2	5	4	6	9	0	0	0	0	8	9	2	7	4	5	5	3	6	4
Pecten_maximus	 1	47	 0	 0	27	 0	27	17	11	 9	 0	 0	10	 5	 0	11	11	20	 0	10	 0	 0	21	 0	10	20	18	12	12	 5	23	 3	29	47	 3	 1	 0	10	22	12	 8	23	25	12	37	 6	25	26	12	25	 0	 3	 0	 0	47	28	11	13	20	22	12	 5	14	10
Pelodiscus_sinensis	 5	22	 2	 1	26	 1	 9	22	10	 8	 0	 1	 6	 3	 0	 3	 2	 7	 0	 3	 1	 0	 3	 1	 2	11	 4	 4	 3	 7	11	 5	15	13	 1	 0	 2	 0	 5	15	 9	22	19	11	20	 5	20	18	23	 9	 0	 0	 2	 0	 6	 9	 3	 7	19	24	 7	 3	16	 3
Penaeus_chinensis	 0	39	 1	 0	86	 0	62	47	15	17	 0	 7	27	17	 0	55	47	66	 0	67	 0	 0	45	 7	20	43	23	63	25	19	49	23	86	62	 1	 0	 8	 1	69	30	19	67	54	27	86	29	84	43	80	22	 0	 1	 0	 0	86	64	35	29	61	59	53	66	79	13
Perca_fluviatilis	 5	20	 0	 0	67	 0	63	38	22	34	 0	 1	48	11	 0	37	21	22	 1	25	 0	 0	19	 0	21	12	16	17	25	 7	40	 5	37	67	 0	 2	 0	 0	47	67	32	48	25	67	67	31	45	21	31	31	 1	 2	 0	 0	32	28	21	24	67	42	15	16	32	 2
Periophthalmus_magnuspinnatus	 0	30	 0	 0	21	 0	44	53	 7	13	 0	 1	28	 5	 0	18	21	14	 0	22	 0	 1	21	 0	13	23	25	35	35	10	43	 4	38	42	 0	 0	 1	 0	22	26	 8	52	53	31	58	30	36	18	35	21	 0	 0	 0	 0	57	26	10	21	31	24	35	 3	37	13
Peromyscus_maniculatus	 1	 8	 0	 1	 8	 0	 9	56	 2	 3	 0	 2	 5	 4	 0	 9	 6	 7	 0	 7	 0	 0	 9	 0	 3	 5	 5	 5	11	 3	10	 3	15	 8	 1	 0	 0	 0	16	 7	 4	 4	14	 4	16	 4	83	 5	12	13	 0	 0	 0	 2	23	20	 5	 6	 9	14	 8	 5	19	 5
Phascolarctos_cinereus	 0	10	 1	 0	15	 0	11	 8	 5	 7	 0	 0	11	 4	 0	10	 7	11	 0	14	 0	 0	11	 0	 4	 6	 5	 7	 8	 3	10	 2	10	11	 0	 0	 1	 0	16	12	 5	 6	16	 6	18	 3	15	 5	14	12	 0	 1	 0	 0	12	15	 4	 8	12	 9	12	 4	 8	 6
Photinus_pyralis	 0	 5	 0	 0	23	 0	23	 8	 4	 3	 0	 0	10	 2	 0	 7	11	 7	 0	15	 0	 0	10	 0	 3	 8	 8	 3	 3	 6	 4	 0	23	17	 0	 0	 0	 0	15	 4	 2	 6	13	 6	16	 2	18	 4	19	15	 0	 0	 0	 0	17	 8	 8	 5	23	 5	 6	 4	 5	 1
Phyllostomus_discolor	 0	 5	 0	 0	 5	 1	10	20	 2	 2	 0	 1	 3	 2	 0	 5	 3	 5	 0	 6	 0	 0	 5	 0	 2	 3	 2	 4	 5	 2	 5	 2	 6	 6	 0	 0	 1	 0	 8	 5	 3	 4	 8	 4	11	 3	 6	 4	 4	 6	 0	 0	 0	 0	 9	11	 5	 4	 6	 5	 4	 3	 6	 4
Pieris_rapae	 0	 9	 0	 0	10	 0	11	 8	 5	 4	 0	 0	 5	 4	 0	 8	 6	 9	 0	 9	 0	 0	11	 0	 4	 7	 6	 7	 5	 3	 7	 0	12	 6	 0	 0	 0	 0	11	 7	 4	 5	 9	 4	22	 4	11	 4	10	17	 0	 0	 0	 0	20	13	 5	 7	12	10	 8	 6	13	 2
Piliocolobus_tephrosceles	 0	 9	 0	 1	13	 0	16	25	 5	 7	 0	 1	12	 5	 0	 9	 5	 8	 0	 9	 0	 0	17	 0	 6	10	 6	 6	 8	 5	14	 4	 9	15	 0	 0	 2	 0	25	 8	 7	10	20	 8	19	 6	18	 7	 8	25	 0	 0	 0	 0	11	12	 7	12	 9	10	11	 7	 9	14
Pipistrellus_kuhlii	 0	 5	 1	 0	 6	 0	 7	20	 2	 2	 0	 1	 3	 2	 0	 4	 3	 5	 0	 5	 0	 0	 5	 1	 2	 5	 3	 4	 6	 2	 5	 2	 6	 5	 0	 0	 1	 0	 8	 5	 3	 4	 5	 4	 9	 3	 7	 4	 4	 6	 0	 0	 0	 0	 9	 9	 3	 4	 4	 5	 4	 3	 7	 3
Pipra_filicauda	 1	 7	 0	 0	 7	 0	 9	10	 2	 3	 0	 1	 1	 2	 0	 4	 4	 8	 0	 6	 0	 0	 5	 0	 1	 3	 2	 3	 6	 2	10	 1	 7	 5	 0	 0	 0	 0	 6	 5	 1	 2	 6	 3	14	 2	 3	 3	 4	10	 0	 0	 1	 0	12	12	 1	 6	 6	 7	 2	 3	20	 4
Podarcis_muralis	 0	10	 0	 0	12	 1	13	14	 2	 8	 0	 1	 6	 3	 0	 6	 6	 8	 0	 6	 2	 5	16	 0	 3	 5	 3	 3	 6	 4	12	 3	12	12	 2	 0	51	 6	41	12	10	17	16	 6	25	 6	78	 7	 8	12	 0	 0	 0	 2	18	12	 3	64	13	18	14	 7	19	 7
Pogonomyrmex_barbatus	 0	 3	 0	 0	 4	 7	 6	 2	 2	 1	 0	 0	 2	 1	 0	 3	 3	 3	 0	 5	 0	 0	 3	 0	 1	 3	 4	 2	 2	 3	 3	 0	 6	15	 0	 0	20	20	 5	 4	 2	 2	 4	 2	 5	 7	 4	 3	 4	 3	 0	 0	 0	 2	 4	 3	 3	 3	 5	 3	 2	 3	 3	 1
Polistes_canadensis	 0	 5	 0	 0	 6	 1	 5	 4	 4	 2	 0	 0	 3	 3	 0	 4	 4	 3	 0	 6	 0	 0	 4	 0	 3	 4	 3	 3	 2	 3	 4	 0	 6	 5	 0	 0	 0	 1	 7	 5	 3	 3	 6	 3	11	 3	 5	 3	 5	 9	 0	 0	 0	 0	 9	 8	 3	 4	 6	 4	 2	 3	 3	 1
Polistes_dominula	 0	 5	 0	 0	 7	 0	 5	 4	 4	 2	 0	 0	 3	 3	 0	 4	 4	 3	 0	 5	 0	 1	 4	 0	 2	 4	 9	 3	 2	 3	 5	 0	 8	 5	 0	 0	 0	 0	 7	 5	 4	 3	12	 3	12	 3	 5	 3	 5	 8	 0	 0	 0	10	 7	 7	 3	 4	 8	 4	 2	 3	 4	 1
Pseudochaenichthys_georgianus	  0	 83	  0	  3	 45	  1	 40	 92	 60	 69	  0	  0	 58	 70	  0	 30	 62	100	  3	107	  0	  0	 66	  0	 21	 39	 25	 15	 24	109	 69	  9	 24	 34	  0	  1	  0	  0	 51	 42	 17	 51	109	 30	 85	 34	 64	109	 29	 58	  1	  2	  0	  0	 47	 58	109	 33	109	109	 36	 23	109	 34
Pteropus_giganteus	 0	 5	 0	 1	 6	 0	 7	18	 6	 2	 0	 1	 3	 3	 0	 5	 4	 6	 0	 5	 0	 0	 5	 0	 7	 4	 3	 6	 6	 2	 6	 2	 6	 5	 1	 0	 0	 1	 8	 5	24	 6	 5	 4	11	 3	 8	 4	 4	 7	 0	 1	 4	 0	 9	 9	24	24	11	16	24	 5	 7	 4
Pteropus_vampyrus	 0	 5	 0	 1	 6	 0	 6	20	 6	 3	 0	 0	 3	 3	 0	 4	 4	 6	 0	 4	 0	 0	 5	 0	 9	 4	 2	 5	 7	 1	 7	 2	 6	 5	 1	 0	 0	 0	 6	 6	23	 6	 5	 6	13	 3	10	 4	 6	 9	 0	 1	 3	 2	 7	 9	23	23	12	18	23	 8	 6	 3
Puma_concolor	 0	 7	 0	 0	 7	 0	10	22	 3	 4	 0	 5	 4	 4	 0	 6	 5	 8	 0	 7	 0	 0	 8	 1	 4	 6	 3	 8	 1	 3	11	 4	11	 5	 1	 0	 2	 0	14	 5	 4	 7	15	 8	16	 4	92	 9	 7	14	 0	 0	 0	 1	 6	10	 6	 9	10	 4	 7	 5	10	 5
Puntigrus_tetrazona	  1	121	  0	  0	121	  1	 47	121	 44	121	  0	  1	121	 22	  0	 72	 74	 85	  1	 45	  0	  1	 33	  0	 72	 59	 69	121	 37	 30	 95	 27	115	 92	  0	  2	  0	  0	 37	121	 43	 81	121	 75	121	 47	 50	 68	 79	 33	  0	  3	  3	  0	 21	121	 15	121	 35	 29	 29	 58	 42	  5
Ramazzottius_varieornatus	0	2	0	0	3	0	3	2	1	1	0	0	1	2	0	2	2	2	0	3	0	0	2	0	1	3	2	2	2	1	2	1	3	3	0	0	0	0	3	2	1	1	2	1	4	1	3	1	3	3	0	0	0	0	3	4	1	2	3	3	1	1	3	0
Rattus_norvegicus	 0	11	 0	 0	 8	 0	 3	40	 2	 4	 0	 0	 3	 3	 0	 8	 6	17	 0	 6	 0	 0	10	 0	 3	 6	 5	 5	 9	 3	10	 3	11	 7	 0	 0	 0	 0	13	11	 3	 5	 6	 7	13	 4	17	 8	 7	17	 0	 0	 0	 1	15	11	 3	 9	10	 9	 7	 4	 9	 5
Sander_lucioperca	 6	13	 1	 0	69	 0	69	38	10	46	 0	 1	29	18	 0	57	23	31	 0	21	 0	 0	24	 0	 9	20	12	15	24	22	37	 6	50	67	 1	 1	 0	 1	63	69	13	41	34	26	70	15	66	29	55	45	 0	 0	 5	 0	63	34	16	37	36	36	32	16	36	 3
Scaptodrosophila_lebanonensis	 0	 7	 0	 0	 7	 0	 8	 6	 3	 2	 0	 0	 5	 3	 0	 6	 4	 5	 0	 8	 0	 0	 5	 0	 2	 6	 3	 3	 5	 3	 5	 0	 7	 7	 0	 0	 0	 0	 7	 5	 2	 4	 4	 3	10	 3	10	 2	 7	10	 0	 0	 0	 0	12	13	 3	 3	 5	 5	 5	 3	12	 0
Schistosoma_haematobium	0	5	0	0	0	0	0	3	1	2	0	4	4	1	0	1	0	1	0	1	0	0	0	0	3	0	2	1	2	0	0	1	1	1	0	0	0	0	8	1	1	1	3	1	2	1	1	1	3	2	0	0	0	0	1	0	5	1	1	0	5	3	1	1
Seriola_lalandi	 0	38	 0	 2	38	 0	69	49	 8	34	 0	 0	14	11	 0	32	29	46	 0	22	 0	 0	23	 0	 9	33	22	19	49	17	36	 7	42	52	 0	 0	 0	 1	67	45	12	38	37	24	72	17	40	36	41	52	 0	 0	 0	 0	63	40	14	29	24	41	42	17	32	 4
Solenopsis_invicta	 0	 3	 0	 0	 5	20	 7	 3	 2	 2	 0	 0	 2	 1	 0	 3	 3	 5	 0	 5	 0	 0	 5	 0	 1	 3	11	 3	 3	 4	 9	 0	 7	 4	 0	 0	 0	 0	 4	 3	 1	 2	 4	 4	 7	 2	 5	 3	 4	 8	 0	 0	 0	 0	 8	 6	 3	 5	 5	 8	 2	 3	 6	 1
Stegodyphus_dumicola	  0	 29	  1	  0	 17	 20	 35	 20	 16	 40	  0	  1	 35	159	  0	 18	 10	 18	  1	 10	  0	 17	 36	  3	  9	 16	 16	 58	  9	 18	 13	  2	 45	159	  8	  1	159	159	 57	 54	 32	159	 43	 16	159	159	 77	 41	 22	 39	  1	  1	  5	 52	149	 79	 15	 26	 30	 23	 18	 79	 17	  4
Steinernema_carpocapsae	 2	20	 0	 2	36	 0	30	20	 5	 7	 1	 2	13	17	 1	18	24	36	 0	39	 0	 0	25	 0	 8	14	11	 9	16	18	29	 3	45	38	 0	 0	 0	 0	37	21	 5	 8	17	 7	41	16	63	 7	32	38	 0	 0	 1	 1	39	54	 4	11	38	49	17	15	37	 2
Strigops_habroptila	 1	 7	 0	 0	 7	 0	17	12	 2	 3	 0	 0	 3	 4	 0	 5	 5	 9	 0	 7	 0	 0	 6	 0	 1	 5	 2	 3	 5	 3	 7	 2	 6	 9	 0	 0	 0	 0	10	 7	 2	 4	 8	 4	11	 2	20	 4	 4	18	 0	 0	 1	 0	 9	 7	 2	 8	 5	 8	 6	 3	 6	 4
Struthio_camelus	 0	 1	 0	 0	 2	 0	 2	 5	 3	 5	 0	 0	 3	 1	 0	 4	 3	 4	 0	 9	 0	 0	 2	 0	 0	 5	 4	 2	 2	 4	 2	 0	10	 3	 0	 0	 0	 0	 3	 4	 1	 4	 3	 4	 6	 0	 4	 3	 7	 5	 0	 0	 1	 0	 5	 6	 4	 5	 7	 4	 5	 3	 3	 1
Sturnus_vulgaris	 0	 3	 0	 0	 5	 0	 5	 5	 2	 2	 0	 0	 2	 5	 0	 4	 3	 8	 0	 5	 0	 0	 5	 0	 1	 2	 2	 3	 6	 2	 4	 1	 5	 5	 0	 0	 0	 0	 8	 5	 2	 2	 5	 3	 6	 2	 6	 3	 4	10	 0	 0	 1	 0	 7	 9	 1	 5	 4	 5	 3	 3	 5	 4
Stylophora_pistillata	 3	42	 0	 2	 4	 4	11	 7	 7	 9	 0	 0	 4	 2	 0	 5	 5	10	 0	 7	 0	 1	11	 0	 6	 6	 7	 7	 4	 3	11	32	14	42	12	13	27	42	19	10	 3	29	15	10	27	 7	 8	 5	15	30	 0	 0	 4	10	10	11	 4	14	11	15	 8	 4	 7	 1
Suricata_suricatta	 0	 8	 0	 1	13	 1	10	30	 5	 4	 0	 1	 7	 7	 0	 7	 7	10	 0	 7	 0	 0	 7	 0	 4	 7	 5	 7	 4	 4	10	 4	14	16	 1	 0	 0	 0	15	10	 6	 7	16	 6	15	 5	65	11	 6	19	 0	 0	 0	 0	10	12	 3	 7	 8	 4	10	 5	10	 5
Sus_scrofa	 0	10	 0	 1	16	 0	15	19	 5	 4	 0	 0	 7	 5	 0	10	 7	 8	 0	 8	 0	 0	 9	 0	 4	 6	 6	 6	11	 4	10	 4	14	11	 1	 0	 0	 0	13	11	 5	 7	21	 6	21	 5	14	 7	10	19	 0	 0	 0	 0	25	19	 9	12	55	13	10	 7	15	 5
Takifugu_flavidus	 0	10	 0	 0	23	 0	17	15	 4	 7	 0	 1	 9	 3	 0	11	11	10	 0	16	 0	 0	10	 0	 3	12	17	 6	12	11	23	 3	35	18	 0	 0	 0	 0	17	15	 5	11	18	12	38	11	21	 8	13	 9	 0	 0	 0	 0	20	18	 7	 6	17	 9	13	 5	15	 3
Talpa_occidentalis	 0	15	 0	 0	 7	 0	27	20	 2	 3	 0	 1	 4	 3	 0	 6	 4	 8	 0	 6	 0	 0	 6	 0	 2	 5	 6	 6	16	 3	12	 3	 9	 9	 0	 0	 0	 0	12	10	 4	 6	15	 8	15	 3	18	 6	 5	13	 1	 0	 4	 0	17	24	 4	 8	 7	12	 7	 3	19	 5
Terrapene_carolina	 3	16	 0	 3	20	 0	 8	19	 8	13	 0	 2	 3	 0	 0	 7	 5	13	 0	 5	 0	 1	 7	 0	 3	 4	 7	 6	 4	 3	10	 2	10	19	 0	 0	 1	 0	 8	 9	 5	20	35	22	15	 2	15	 5	27	10	 0	 0	 1	 0	 8	12	 5	11	11	23	 7	 2	 9	 3
Tetranychus_urticae	 0	 3	 0	 0	 5	 0	 3	 2	 2	 6	 0	 0	 2	 1	 0	 2	 2	 3	 0	 2	 0	 0	 4	 0	 1	 2	 8	 5	 2	 1	 1	 0	 4	 2	 0	 0	 0	 0	10	 3	 1	 2	 3	 5	 4	 1	 3	 2	 1	 4	 0	 0	 0	 0	 6	 5	 2	 7	 5	 2	 1	 1	 2	 1
Thamnophis_elegans	 0	 9	 0	 0	 7	 0	 8	11	 2	 1	 0	 1	 3	 2	 0	 3	 4	 5	 0	 4	 0	 0	 5	 0	 1	 4	 3	 2	 4	 2	 4	 2	 5	 3	 1	 0	 0	 0	20	14	 3	 3	 6	 3	12	 2	 5	 4	 9	17	 0	 0	 0	 0	10	 6	 2	11	15	10	10	 1	13	 4
Thrips_palmi	 1	15	 0	 0	18	 0	16	17	11	10	 0	 0	11	 8	 0	16	16	20	 0	17	 0	 0	19	 0	 6	21	15	15	18	 8	22	 0	20	12	 0	 0	 1	 0	19	18	39	13	14	21	28	11	17	11	18	19	 0	 0	 0	 0	15	21	 8	11	15	14	16	 7	19	 3
Trachemys_scripta	 0	12	 1	 2	22	 0	 5	13	10	 8	 0	 0	 4	 3	 0	 4	 4	 7	 0	 3	 1	 0	 7	 0	 1	 2	 9	 4	 4	 2	 6	 2	14	12	 0	 0	 0	 0	10	10	 6	15	27	10	11	 2	 8	 6	 8	 4	 0	 0	 0	 0	 8	 6	 4	 9	 8	11	 4	 4	 7	 2
Tribolium_castaneum	 1	 4	 0	 0	 5	 0	13	 3	 2	 2	 0	 0	 4	 2	 0	 4	 5	 7	 0	 5	 0	 0	 7	 0	 2	13	 5	 4	 2	 1	 3	 0	 7	 5	 0	 0	 0	 0	 5	 3	 2	 3	 6	 3	 6	 2	 5	 3	 7	14	 0	 0	 0	 0	10	 8	 5	 2	 8	15	 3	 3	 5	 1
Trichechus_manatus	  0	 14	  0	  5	 10	  0	 10	 19	  3	  6	  0	  8	  5	  4	  0	 13	  7	 11	  0	  7	  0	  0	 11	  0	  5	  7	  5	  9	  5	  3	  8	  6	 13	 13	  1	  2	  1	  1	 20	 16	  6	 12	 24	 54	 19	  4	 16	 10	 10	 19	  1	  4	  0	  0	 11	 19	 20	 25	 74	132	 15	  5	 14	 50
Trichogramma_pretiosum	 0	 5	 0	 0	 7	 0	 8	 4	 4	 3	 0	 0	 5	 2	 0	 5	 4	 4	 0	 7	 0	 0	 6	 0	 2	 9	 7	 4	 3	 2	 5	 0	 9	 8	 0	 0	 0	 0	11	 4	 2	 3	11	 4	16	 2	 9	 3	 7	 9	 0	 0	 0	 0	14	10	 4	 4	10	 5	 4	 2	 8	 1
Trichuris_suis	 0	 7	 1	 1	25	 0	28	22	 5	11	 0	 2	10	 8	 0	 9	16	15	 0	 7	 0	 0	15	 0	10	19	18	13	11	10	13	 2	29	18	 0	 0	 0	 0	26	15	 1	19	33	12	29	12	13	 9	21	14	 0	 0	 0	 0	18	 8	 9	10	26	21	10	 9	14	 2
Tursiops_truncatus	 0	12	 0	 1	13	 0	14	22	 4	 5	 0	 6	 5	 4	 0	56	 6	 7	 0	 8	 0	 0	 9	 0	 4	 5	 6	 7	11	 4	11	 5	13	10	 0	 0	 0	 1	16	10	 5	 5	40	23	18	 4	16	23	 9	16	 4	 8	 1	 0	33	34	11	26	82	82	16	12	82	83
Tyto_alba	0	7	0	0	9	0	7	7	2	2	0	0	3	1	0	4	2	2	0	6	0	0	2	0	1	3	2	0	1	2	6	1	3	2	0	0	0	0	2	5	0	3	2	2	4	0	6	3	4	9	0	0	1	0	4	8	2	6	4	3	4	4	3	3
Ursus_arctos	 0	10	 0	 0	12	 0	10	24	 5	 4	 0	 1	 6	 4	 0	10	 8	 9	 0	 8	 0	 0	 9	 0	 4	 8	 9	 5	24	 4	17	 4	12	10	 4	 1	 1	 0	23	10	 5	 7	27	 8	23	 7	45	24	 9	16	 1	 0	 0	 0	29	29	 7	 8	10	25	11	 5	45	 8
Varanus_komodoensis	 0	11	 0	 0	11	 0	15	19	 4	 3	 0	 2	 5	 4	 0	 6	 7	 9	 0	 6	 0	 0	 9	 0	 5	 9	 5	 3	 9	 3	10	 5	13	11	 0	 1	 0	 0	28	20	 5	 9	11	 5	18	 3	17	 3	10	 7	 0	 0	 0	 0	 9	13	 4	 8	 8	13	11	 4	13	11
Varroa_destructor	 0	 5	 0	 0	 7	 0	 8	 5	 6	 4	 0	 0	 3	 5	 0	 6	 6	 8	 0	 6	 0	 0	 6	 0	 4	11	 7	 5	 6	 5	 8	 3	21	 8	 0	 0	 0	 0	11	 6	 4	 5	13	 4	15	 3	11	 3	21	15	 0	 0	 0	 0	19	 8	 7	 7	10	 6	 8	 7	 7	 2
Vespula_pensylvanica	 0	 6	 0	 0	 4	 0	 6	 4	 3	 2	 0	 0	 2	 3	 0	 4	 4	 3	 0	 5	 0	 0	 4	 0	 2	 4	 6	 3	 2	 3	 6	 0	 5	 5	 0	 0	 0	 0	 6	 4	 2	 2	 4	 2	10	 3	 5	 3	 5	 9	 0	 0	 0	 0	 8	 8	 3	 3	 7	 2	 2	 4	 4	 1
Vespula_vulgaris	 0	 3	 0	 0	 4	 0	 6	 3	 3	 2	 0	 0	 2	 3	 0	 2	 3	 3	 0	 2	 0	 0	 3	 0	 1	 2	 6	 3	 2	 3	 6	 0	 4	 5	 0	 0	 0	 0	 5	 3	 2	 2	 3	 2	10	 3	 2	 2	 5	 9	 0	 0	 0	 0	 7	 7	 1	 3	 3	 0	 2	 4	 4	 1
Vicugna_pacos	  6	132	  1	  5	 12	 12	 15	 24	  3	  7	  0	  0	  6	  5	  0	  8	 12	 58	  2	 10	  0	  4	  8	  1	  4	  8	  6	  6	  4	  4	 11	  4	 49	132	 16	 13	  6	 81	 16	 14	  8	 19	 12	  7	 27	 12	 18	  7	132	132	 94	116	 21	132	 15	 14	 14	119	 10	  8	 46	 93	  7	 11
Vulpes_lagopus	 0	10	 0	 0	10	 0	 8	19	 3	 4	 0	 1	 4	 4	 0	 7	 5	 7	 0	 6	 0	 0	 8	 0	 5	 6	 8	 5	 7	 4	13	 3	 8	 9	 1	 1	 0	 0	17	 9	 5	 6	16	 9	19	 4	37	20	 6	12	 1	 0	 0	 0	11	11	 4	 9	10	10	 7	 4	17	 5
Vulpes_vulpes	 0	10	 0	 0	10	 0	 8	21	 3	 4	 0	 0	 4	 4	 0	 7	 5	 8	 0	 6	 0	 0	 7	 0	 4	 5	 4	 5	 5	 4	 9	 3	 9	 8	 1	 0	 0	 0	13	 8	 6	 6	10	 7	17	 6	63	11	 6	13	 0	 0	 0	 0	10	 8	 4	 8	 8	 7	 6	 4	 6	 4
Xenopus_tropicalis	 1	40	 0	 3	62	 0	98	88	48	30	 0	 3	27	29	 0	42	37	63	 1	40	 0	 0	51	 2	27	48	26	44	58	23	38	 6	77	98	 1	 0	 0	 0	89	94	41	96	98	98	98	31	98	38	73	62	 0	 1	 0	 0	83	98	31	72	70	70	49	33	69	98
Zerene_cesonia	 0	10	 0	 0	13	 0	13	 9	 5	 6	 0	 0	 6	 4	 0	 8	 8	12	 0	10	 0	 0	14	 0	 4	 8	 9	 8	 7	 4	 7	 0	15	 9	 0	 0	 0	 0	15	 7	 6	 5	12	 4	20	 5	13	 7	10	 8	 0	 0	 0	 0	19	17	 6	 7	17	10	 9	 9	15	 3
Zootermopsis_nevadensis	 0	 5	 0	 0	 6	 0	 9	 4	 3	 9	 0	 0	 4	 1	 0	 3	 5	 5	 0	 4	 0	 1	 6	 0	 3	 4	 3	 5	 3	 2	 5	 0	 0	 6	 0	 0	 0	 2	 6	 5	20	20	12	 4	12	 7	 5	 2	 4	 6	 0	 0	 0	 0	12	 6	 4	10	 9	 5	 4	 3	 5	 2
Zootoca_vivipara	 0	 8	 0	 0	 9	 1	10	17	 2	 8	 0	 0	 6	 3	 0	 6	 5	 6	 0	 5	 1	 1	11	 0	 3	 6	 3	 3	 7	 2	14	 2	11	 7	 0	 0	59	 4	29	 7	 5	13	18	 8	22	 5	71	 6	11	 9	 0	 0	 1	 0	10	11	 3	51	10	10	11	 6	15	 4
