species	tRNA_GFF	prop_cds_expressed	nb_genes	nb_genes_filtered	nb_codon_not_decoded	rho_aa_fpkm	pval_aa_fpkm	rho_gc3_gci	pval_gc3_gci	gc3	gci	nb_aa_POC1	nb_busco_POC1	expressed_overused_POC1	expressed_overused_background_POC1	constraint_overused_POC1	nb_aa_POC2	nb_busco_POC2	expressed_overused_POC2	expressed_overused_background_POC2	constraint_overused_POC2	nb_aa_POCs	nb_busco_POCs	expressed_overused_POCs	expressed_overused_background_POCs	constraint_overused_POCs
Microtus_ochrogaster	TRUE	0.816877506942302	20077	15885	0	0.756595754107771	0.000113076201203124	0.78142475205424	0	0.605142490166724	0.459717748345757	17	937	3.131	2.589	2.22607703284809	6	937	-1.87400000000001	-0.584000000000007	0.242970524153352	23	937	2.199	2.117	2.06724646795533
Melospiza_melodia	FALSE	0.838159031979257	14000	3879	0	0.643466864509449	0.00220595307957124	0.822613988954041	0	0.628420649524791	0.446665350640623	22	806	4.606	3.472	0.706681986352642	6	806	4.775	3.30299999999999	2.42476732218705	28	806	4.704	3.41899999999999	0.940817789300286
Lonchura_striata	TRUE	0.822229661868095	15577	12280	0	0.795177116854619	0.0000278798554082042	0.846433937882637	0	0.618020715088811	0.453620957244339	21	944	10.589	7.26299999999999	3.24559414678761	5	944	18.865	10.147	4.18323089703911	26	944	11.929	7.789	3.50664338642076
Callithrix_jacchus	TRUE	0.874825824431027	22252	18835	0	0.751888790567584	0.000131840068023983	0.824615393140113	0	0.594045783313297	0.458472489535324	17	869	2.00900000000001	0.758000000000009	-1.1974285270718	6	869	2.478	0.623000000000001	-0.164579079952609	23	869	2.277	0.879999999999992	-0.770391877897597
Pelodiscus_sinensis	TRUE	0.799853537629563	19518	14199	0	0.625517899662072	0.00318124941494289	0.79156945257227	0	0.534223746285003	0.465738408686315	17	928	1.459	1.394	-0.0938209753113928	2	928	-3.31299999999999	-1.75599999999999	-0.746667653834082	19	928	1.118	1.15499999999999	0.0107381262647088
Panthera_tigris	TRUE	0.761181585373117	18509	12781	0	0.545944506952286	0.012767909499624	0.87128967776262	0	0.588787599934601	0.45947419571287	21	944	3.45300000000001	2.61400000000001	1.26853172579635	5	944	3.835	1.862	0.141639717010211	26	944	3.627	2.543	0.987520238714784
Monodelphis_domestica	TRUE	0.825410972469796	20903	16670	0	0.583805178385833	0.00688135336652142	0.794142099401884	0	0.535917402148581	0.416016648590996	25	932	2.151	2.51500000000001	0.838243183306886	4	932	-1.45500000000001	-0.126000000000009	0.491118647163047	29	932	1.859	2.417	0.529087199883149
Heterocephalus_glaber	TRUE	0.805808294540838	19978	15233	0	0.595774614551689	0.005572770931311	0.844643719814445	0	0.613348118612476	0.460235309732211	16	935	1.988	1.915	0.77184725309335	6	935	0.775999999999999	-0.0809999999999977	-0.280284111627482	22	935	2.029	1.752	0.952764298113939
Macaca_mulatta	TRUE	0.880155831507183	21121	18074	0	0.792313349751464	0.0000312368438291016	0.824884492871926	0	0.598297015378808	0.461165034869863	18	928	1.609	0.696000000000002	0.0873767658679137	5	928	-0.653999999999999	-1.225	-0.971735591605583	23	928	1.30400000000001	0.448000000000004	0.0318450687487815
Ornithorhynchus_anatinus	TRUE	0.789032620922385	18200	14029	0	0.817463825551155	0.0000107870323604555	0.842606284907162	0	0.69954136284237	0.518707958177693	14	954	0.112000000000001	0.659999999999999	1.20349213397973	5	954	2.826	0.309999999999994	0.954573239643097	19	954	0.739000000000001	1.023	2.23686538672219
Erinaceus_europaeus	TRUE	0.774160008755609	19313	14147	0	0.614111422845395	0.0039698505453533	0.854031111870747	0	0.618974698484704	0.465327344256812	22	936	1.91600000000001	1.90500000000001	0.127259348551589	6	936	-0.257999999999992	-0.921999999999995	0.319068628452623	28	936	1.532	1.349	-0.0617399406001029
Felis_catus	TRUE	0.785484373377635	19748	15130	0	0.776063723888804	0.0000577058560725104	0.861478984711897	0	0.61935761256059	0.470181096582955	20	955	2.005	1.816	0.773755510645557	5	955	-1.791	-1.798	-0.526395361230425	25	955	1.50800000000001	1.33500000000001	0.520203965950439
Rattus_norvegicus	TRUE	0.766110984242978	22936	16774	0	0.631262889661069	0.00283632099684709	0.757020599445385	0	0.599130918689003	0.45968822102693	21	894	1.452	0.743999999999989	0.115096836646267	6	894	-1.422	-0.385000000000002	0.642320803035323	27	894	0.995999999999997	0.66199999999999	0.03741890969714
Mus_musculus	TRUE	0.765218979768918	22055	16756	0	0.624910109735382	0.00321969564135843	0.766687728219403	0	0.598407921470745	0.456308967255511	18	940	3.082	2.447	1.57107011816056	5	940	-1.17100000000001	-0.311000000000011	0.160945494479237	23	940	2.366	2.016	1.5292981162174
Bos_taurus	TRUE	0.745545711225781	21039	15315	0	0.313017394856489	0.179018830516101	0.846167433201235	0	0.627448797074201	0.466437176462139	21	942	-0.263999999999998	0.213000000000008	2.05089194311909	1	942	-1.759	-1.51	0.884490138216754	22	942	-0.155	0.319000000000003	2.04569802796028
Crocodylus_porosus	TRUE	0.888308528906697	14717	12415	0	0.331322254142739	0.153582978778109	0.750211183754371	0	0.533098362079726	0.458704767526367	17	875	-0.0439999999999996	0.828999999999996	-1.45795627180217	5	875	4.28999999999999	3.58999999999999	-4.34841549057406	22	875	0.536999999999999	1.241	-1.26517487984815
Gallus_gallus	TRUE	0.907158376886488	17477	15448	0	0.711112372124164	0.000439668336332138	0.87864422228205	0	0.602767265023421	0.474848027311497	17	932	3.628	3.968	1.17470953603295	6	932	0.319000000000003	-0.202999999999998	1.67407629968708	23	932	3.11	3.356	1.59034318559056
Loxodonta_africana	TRUE	0.880277791756832	21094	17492	0	0.700263306385088	0.000586046443119324	0.841371387227204	0	0.588260491326298	0.447863108226819	20	950	0.0690000000000024	0.877000000000006	-1.61120396292235	2	950	-1.39900000000001	-1.15700000000001	1.14632673711959	22	950	0.0359999999999971	0.81	-1.23744506402474
Cervus_elaphus	FALSE	0.676198147402336	19243	8395	0	0.147479349499692	0.534936713422264	0.821000372757336	0	0.6460636505475	0.477445650549283	20	828	0.631999999999999	0.345999999999996	0.122783846463315	1	828	3.69499999999999	0.517999999999991	2.71017083257181	21	828	0.855	0.535000000000002	0.251036225565171
Sus_scrofa	TRUE	0.712780759292387	20673	14344	0	0.82136147215093	0.00000901827692605861	0.85009029879984	0	0.627168110150113	0.473206433177393	23	947	1.993	1.728	2.37290225256227	4	947	-0.38999999999999	-1.94399999999999	-0.994653040915439	27	947	1.766	1.277	1.94762108965891
Canis_lupus	TRUE	0.831000805477245	20248	16507	0	0.733711282255228	0.000231537259618166	0.847126482850201	0	0.619098233401931	0.46850890323383	18	931	4.703	2.735	0.657324927192893	6	931	9.36	1.75900000000001	-0.627312525279783	24	931	5.719	2.70599999999999	0.4706014328902
Xenopus_tropicalis	TRUE	0.799033183946825	21199	15868	0	0.763444958089005	0.0000898858337417296	0.642208085397016	0	0.480924567705724	0.400807725427909	21	949	0.821000000000005	1.074	0.0786390790697034	2	949	-0.152000000000002	-0.147999999999998	2.74387314859775	23	949	0.654000000000005	0.868000000000008	0.364070737030431
Homo_sapiens	TRUE	0.856966342114368	20322	17339	0	0.505643483998943	0.022939362219786	0.829416359284059	0	0.596583492858252	0.459487266513259	20	947	1.566	0.638	-0.756812293037312	5	947	0.783	-0.170999999999999	-0.475065883638559	25	947	1.52300000000001	0.558000000000008	-0.606226060693366
Equus_caballus	TRUE	0.800126195214289	21129	16485	0	0.708585140923872	0.000470635315848484	0.856753141526918	0	0.621443880978617	0.465029201963418	19	941	5.723	4.18	1.27412356532031	5	941	4.45	1.801	-0.251760803440937	24	941	5.618	3.94	1.01984622704578
Blattella_germanica	FALSE	0.403377184370705	28676	10272	0	0.68272531286823	0.000909499872593694	0.111738216519725	0.0000000000000000000000000020493968009263	0.384490032829206	0.3370503083515	18	912	0.117	0.135999999999997	-0.662552817186834	1	912	2.731	3.187	-0.554253119266651	19	912	0.205	0.236000000000003	-0.72484367709012
Cryptotermes_secundus	TRUE	0.959476054031928	12810	11720	0	0.797590412975308	0.0000252978470961927	0.559093974396082	0	0.442959890499121	0.391558687332138	19	947	0.246999999999997	0.232999999999994	2.67126085092764	6	947	1.634	2.529	3.87415821437129	25	947	0.763000000000003	1.019	2.67880163420126
Zootermopsis_nevadensis	TRUE	0.968834005376344	12381	11533	2	0.77657203412742	0.0000566517219328007	0.598334212792032	0	0.447226974360888	0.361831578497272	14	954	0.508999999999998	0.687999999999994	-0.486434027099836	7	954	-5.232	-3.212	2.34015548926474	20	954	-0.631999999999999	0.288000000000005	0.752699473998064
Acyrthosiphon_pisum	TRUE	0.735437310269775	18614	12840	0	0.636295902317398	0.00256028354275286	0.53687878491845	0	0.36261690577984	0.251036241933109	16	874	3.406	2.187	-0.992383837508115	6	874	-0.558999999999998	0.00600000000000045	-3.30926572751638	22	874	3.051	2.555	-0.921159372371233
Cimex_lectularius	TRUE	0.958184902459712	11949	11297	0	0.324812030075188	0.162323155769999	0.311662413502435	0.000000000000000000000000000000000000000000000000000000000000000000000000000000000000000000000000000000000000000000000000000000000000000000000000000000000000000000000000000000000000000000000000000000000000000000000000000000000000104146867138113	0.466397544210079	0.314420770951734	24	945	1.28	1.041	1.02529198130631	0	NA	NA	NA	NA	24	945	1.28	1.041	1.02529198130631
Halyomorpha_halys	TRUE	0.977251838235294	14467	12759	0	0.778743758604436	0.0000523327340683875	0.181760615731892	0.0000000000000000000000000000000000000000000000000000000000000000000000000000000000000661082124895161	0.368567292399123	0.289226584703579	20	947	4.943	4.71200000000001	0.676587201469325	5	947	3.518	5.885	-0.00665211688329337	25	947	5.02299999999999	5.88199999999999	0.302896843966732
Athalia_rosae	TRUE	0.961780492319082	10943	10393	0	0.768307357138429	0.0000760196340794643	0.688359303132199	0	0.450533996857017	0.346093342336176	22	971	6.74400000000001	6.83900000000001	1.65831380048831	6	971	4.434	5.485	2.62737536838568	28	971	6.285	6.765	1.71100823944505
Cephus_cinctus	TRUE	0.968661221590909	11594	10911	0	0.695740103467587	0.00065826962129232	0.699884161917202	0	0.417043382610824	0.310466976719618	20	966	7.50000000000001	7.937	0.120875704735274	6	966	4.885	7.41	1.49802367281147	26	966	7.034	8.21	-0.00247751712258992
Orussus_abietinus	TRUE	0.980563554092966	10045	9535	0	0.714414440561619	0.000401831300973808	0.835779820809741	0	0.525195047161165	0.357868586980666	27	963	0.689000000000006	2.01700000000001	0.342951466069941	6	963	-3.435	0.123000000000001	1.12056265823949	33	963	-0.126999999999999	2.185	0.261490242253809
Nasonia_vitripennis	TRUE	0.859593752528931	13356	10622	0	0.859303330001112	0.00000121737916239567	0.781114108190791	0	0.511408203221207	0.325740799440924	21	945	8.226	7.335	-0.249967383776717	6	945	5.091	5.77	-0.55050207547247	27	945	7.662	7.217	-0.468713663353831
Trichogramma_pretiosum	TRUE	0.964336775218427	12773	12141	0	0.688567658033865	0.000788209520227316	0.740445604713434	0	0.473974225628432	0.296598933705165	19	907	6.397	5.046	-0.150674312825849	6	907	0.353000000000003	2.069	-0.878176359450761	25	907	5.35	5.069	-0.499833444509679
Harpegnathos_saltator	TRUE	0.837548015364917	12654	10466	0	0.778118747750216	0.0000535455800536879	0.831211821777348	0	0.516780907414315	0.343366751255065	22	945	3.589	3.607	-0.985368506448303	5	945	-1.406	-0.426000000000004	-0.117712550563093	27	945	2.907	3.134	-0.776026825527099
Linepithema_humile	TRUE	0.937072260243534	11610	10543	0	0.644696498469684	0.00214952179779594	0.718027875658115	0	0.458011915046506	0.275843993921892	19	960	3.427	3.815	-0.399775790035367	6	960	-1.492	0.431999999999994	0.350579206005358	25	960	2.408	3.407	-0.198212343300941
Camponotus_floridanus	TRUE	0.772977346278317	12512	9554	0	0.788386286085304	0.0000364051210832675	0.681285147643261	0	0.422734328429804	0.245979599418151	14	957	2.397	2.926	0.158191807715075	6	957	4.332	3.535	-1.22678439667184	20	957	2.893	2.876	-0.11467459337331
Pogonomyrmex_barbatus	TRUE	0.900979934671022	11348	9654	0	0.740016962683099	0.000191428391923998	0.679861162954857	0	0.440798754115702	0.269919812415999	17	964	5.982	6.507	1.1232536548676	6	964	-2.419	-0.770999999999997	-0.861171274370248	23	964	4.006	4.95	0.457620528447344
Polistes_canadensis	TRUE	0.929296098734442	9876	8885	0	0.725153437904767	0.000297306530149831	0.718602762945085	0	0.299383300777443	0.230959290600455	21	961	2.161	1.898	0.972548794171868	6	961	4.139	4.782	0.461012929235841	27	961	3.06	3.024	0.643068990437501
Polistes_dominula	TRUE	0.941833316414577	10179	9278	0	0.728329236854413	0.000271250927787022	0.678084967059161	0	0.281755514136305	0.222059910266496	22	965	-0.322	-0.197000000000003	-0.386285030257894	6	965	6.302	6.132	0.213872193110226	28	965	1.77599999999999	1.53099999999999	-0.479278869332583
Solenopsis_invicta	TRUE	0.833808679565251	14825	10817	0	0.701891789920176	0.000561746177540413	0.597700967760165	0	0.46438709689095	0.281894592572192	20	954	4.19099999999999	3.464	2.10396713080777	6	954	2.735	2.68	0.541909134208451	26	954	3.945	3.411	1.80422167929593
Acromyrmex_echinatior	TRUE	0.90524861878453	11219	9831	0	0.601442840927262	0.00502880162659785	0.57556764282515	0	0.426766864477869	0.267253192688606	20	964	4.392	3.989	1.93337099099847	6	964	0.827	1.431	0.0261837505176443	26	964	3.824	3.833	1.45159923242811
Atta_cephalotes	TRUE	0.128285483218763	10491	1269	0	0.685449122741564	0.000851125230430831	0.427641067128189	0.000000000000000000000000000000000000000000000000000000338551928352886	0.398589866481441	0.251168334484665	20	956	2.852	2.668	1.48838167055898	6	956	7.867	6.76	0.198061002800548	26	956	4.06	3.321	1.05013515299076
Dufourea_novaeangliae	TRUE	0.937374165518703	9844	8846	0	0.721788027500411	0.000327218471293622	0.829655964463265	0	0.431023774719094	0.31293918190619	23	971	2.698	2.77599999999999	-2.25083032318445	6	971	0.0519999999999965	2.595	-1.04849093091233	29	971	2.327	3.42500000000001	-2.12160377249463
Megachile_rotundata	TRUE	0.888772895511056	10788	9365	0	0.834992884181085	0.0000046538864689168	0.848740335651946	0	0.379541508760741	0.281380406729522	25	960	3.412	3.95300000000001	-0.810515819710711	6	960	-2.398	0.586000000000003	-0.663891137479455	31	960	2.534	4.256	-0.989317773236448
Habropoda_laboriosa	TRUE	0.935873906941596	10069	8669	0	0.577509759087474	0.0076646596242317	0.856083236375537	0	0.387259471680364	0.293920147373818	20	964	3.551	3.321	-0.224359259204598	6	964	1.251	3.365	-1.70728295712128	26	964	3.36899999999999	4.077	-0.888039703937565
Eufriesea_mexicana	TRUE	0.946146044624746	10297	9329	0	0.698284098754926	0.000616775155041642	0.867920345355214	0	0.356550607065633	0.268299527158522	20	946	5.28000000000001	5.04100000000001	-0.141576218144079	6	946	-1.127	1.626	-2.23471267706424	26	946	4.343	5.113	-0.693088959643468
Apis_mellifera	TRUE	0.96126796452961	9935	9431	0	0.643291011388314	0.00221412370684854	0.860191265090721	0	0.311712579917833	0.195953514849928	19	970	9.531	6.373	0.370442189154541	6	970	-16.092	-7.969	-2.07340926958563	25	970	3.963	6.743	0.0937322172115507
Apis_florea	TRUE	0.938515196811161	10863	9418	0	0.609461596403798	0.00433467434771346	0.859397017383868	0	0.311110426613334	0.202479949949754	19	973	6.877	4.762	2.88297304007369	6	973	-11.962	-5.342	-2.59210697019679	25	973	2.988	4.74	1.35943497005551
Apis_cerana	TRUE	0.949804164089878	10621	9215	0	0.698872900501164	0.000607494089370211	0.854315874214696	0	0.307649011636675	0.200479106842657	21	955	1.589	-0.504999999999994	1.62694078361527	6	955	-15.577	-7.584	-1.3082326354716	27	955	-1.66	1.04	0.830029816294747
Melipona_quadrifasciata	FALSE	0.704571298612691	14257	9294	2	0.633416177012665	0.00271533708629306	0.814706369003801	0	0.388595202431731	0.293069428177678	22	896	2.743	1.928	1.59185592357802	7	896	-5.405	-1.678	-0.0530325061614323	28	896	1.102	3.01	1.0563915247137
Bombus_terrestris	TRUE	0.952625853031352	10581	9632	0	0.676792932893851	0.00104842330535699	0.842408736775583	0	0.353767192139688	0.268971477493115	24	966	4.66000000000001	4.17200000000001	3.81825300646822	6	966	-2.706	0.921000000000005	-1.45116543909047	30	966	3.31199999999999	4.61199999999999	2.40210592801225
Onthophagus_taurus	TRUE	0.735388797481937	14537	10280	0	0.744168758444874	0.000168401235436999	0.255399664097248	0.0000000000000000000000000000000000000000000000000000000000000000000000000000000000000000000000000000000000000000000000000000000000000000000599904853546145	0.310460178238646	0.250756470333554	20	931	1.25999999999999	0.281999999999993	-0.246196196577808	6	931	5.144	7.43	-0.879337650397571	26	931	2.835	3.22399999999999	-0.748839488107611
Tribolium_castaneum	TRUE	0.942503351999369	12875	11950	0	0.661390641251525	0.00149502479302004	0.406717536648555	0	0.521000699678411	0.305982810119726	20	961	0.725000000000003	2.852	0.431402383108331	5	961	3.572	3.282	0.571884135580725	25	961	1.153	2.81	0.616138653329606
Dendroctonus_ponderosae	TRUE	0.894823486372782	13021	9784	0	0.463600399234897	0.0395113372203828	0.744332202077046	0	0.487434393739351	0.352553888599036	21	910	5.247	5.47000000000001	0.497865877294884	6	910	6.105	6.248	2.61634651330099	27	910	5.421	5.705	1.05770435167825
Anoplophora_glabripennis	TRUE	0.770048864616269	14828	10716	0	0.773805536525403	0.0000625958678788568	0.352943438603843	0.000000000000000000000000000000000000000000000000000000000000000000000000000000000000000000000000000000000000000000000000000000000000000000000000000000000000000000000000000000000000000000000000000000000000000000000000000000000000000000000000000000000000000000000000000000000000000000000000890599542889678	0.423879357864016	0.291055356680349	16	946	2.626	2.028	-0.557136029204625	6	946	4.752	5.803	3.61485760199585	22	946	3.158	3.212	0.26238928163751
Leptinotarsa_decemlineata	TRUE	0.914356074425392	14000	10025	0	0.727276918455726	0.000279659541440784	0.307004860709115	0.0000000000000000000000000000000000000000000000000000000000000000000000000000000000000000000000000000000000000000000000000000000000000000000000000000000000000000000000000000000000000000000000000000102829046487829	0.393944431042711	0.328134104412026	22	926	4.68500000000001	3.73900000000001	0.788255302018148	6	926	2.023	3.73	3.27438002335093	28	926	4.36300000000001	4.434	1.18070506987319
Bombyx_mori	TRUE	0.809414841451455	13804	9904	0	0.702296270017705	0.000555844874557419	0.517641999880033	0	0.487858205165052	0.347564805642144	25	957	4.277	3.57799999999999	-0.191535634911355	6	957	7.133	9.343	4.91616389392272	31	957	5.191	5.784	1.11328357365813
Danaus_plexippus	FALSE	0.889435255550589	15232	11938	0	0.794728339609102	0.0000283843286113264	0.6218028893731	0	0.471698951093481	0.281952150750736	23	934	9.28100000000001	9.274	0.357908346750496	4	934	11.394	12.456	4.00366726014958	27	934	9.689	9.931	0.876896081502238
Aedes_aegypti	TRUE	0.845020501772187	14626	12159	0	0.781496858575839	0.0000472679406641745	0.229598438577644	0.0000000000000000000000000000000000000000000000000000000000000000000000000000000000000000000000000000000000000000000000000000000000000216300263598052	0.576519924318576	0.362823641341967	19	909	9.07	9.117	4.82188098664029	2	909	13.131	13.174	2.67142077859053	21	909	9.14200000000001	9.16100000000001	4.75542584246219
Culex_quinquefasciatus	FALSE	0.482499463173717	18883	8988	0	0.79428362142068	0.0000288920071124081	0.113744571248599	0.00000000000000000000000030053486364882	0.712159688094653	0.359138639552826	18	882	11.428	10.505	4.96741985257897	5	882	8.709	8.436	3.49274110365408	23	882	10.912	10.202	5.68155462509868
Anopheles_gambiae	FALSE	0.921123548922056	12603	8887	0	0.703357141120948	0.000540616268039606	0.472570879810505	0	0.698472595243916	0.429482811129662	18	946	11.651	10.651	5.78121698754781	6	946	8.465	8.056	5.988558580575	24	946	10.946	9.993	6.22458801568356
Drosophila_grimshawi	FALSE	0.64687840785169	14982	9491	0	0.787631849447902	0.0000374783092070757	0.220999568072471	0.00000000000000000000000000000000000000000000000000000000000000000000000000000000000000000111725025927991	0.591531512838812	0.327243134180763	19	925	7.673	7.71	6.15506689065204	6	925	8.7	9.993	2.35713634113699	25	925	8	8.528	4.83417850996927
Drosophila_pseudoobscura	FALSE	0.921743472677985	14574	12921	0	0.843692644893075	0.00000295582068074896	0.491548442554333	0	0.66554514371791	0.407827404477747	20	931	8.831	9.976	5.09240992447852	6	931	3.51100000000001	4.97100000000001	6.32775737882373	26	931	7.687	8.86	5.31124152486017
Drosophila_melanogaster	FALSE	0.82819319173698	13931	11386	0	0.852513400264492	0.00000181281734677542	0.45481475281714	0	0.652311368572543	0.36165152638327	21	956	11.195	10.098	6.01129753806331	6	956	11.645	8.886	6.38723406261491	27	956	11.255	9.62699999999999	6.0246134072273
Drosophila_suzukii	TRUE	0.817354608993802	16335	12396	0	0.744813489401664	0.00016504750202951	0.369826878901756	0	0.666874977208014	0.350538338110428	19	881	9.931	8.708	5.18873598858205	6	881	15.358	12.711	6.6983620391324	25	881	10.977	9.21399999999999	5.74697289690681
Ceratitis_capitata	TRUE	0.916219730212904	12563	11275	0	0.834776595337229	0.00000470514321933425	0.413502346899438	0	0.407522195692898	0.287199472651884	18	970	10.456	10.297	0.934518687006985	6	970	7.595	11.225	1.70707334392604	24	970	9.933	11.238	0.649206912085243
Lucilia_cuprina	TRUE	0.776596474380959	15549	11322	0	0.877500227507806	0.000000375131101057259	0.0433528419772741	0.0000167813183215589	0.317115976647914	0.248510476351318	18	968	8.162	6.75500000000001	-0.566314855366323	6	968	17.765	19.099	0.351159736122458	24	968	10.788	10.305	-1.1443193824494
Musca_domestica	TRUE	0.847181467181467	14883	10971	0	0.834462237730399	0.00000478051668606689	0.258501788291979	0.000000000000000000000000000000000000000000000000000000000000000000000000000000000000000000000000000000000000000000000000000000000000000000000000460529115923081	0.423403673593295	0.315058085579429	20	944	15.457	15.329	2.67897491933197	6	944	15.838	16.772	0.601770809620916	26	944	15.964	16.22	1.49489239293
Enhydra_lutris	TRUE	0.811147330732646	19340	15179	0	0.592315002717837	0.00592794351768236	0.863886148693108	0	0.627696843223185	0.473519766871685	23	944	3.92399999999999	2.42699999999999	1.4094654454592	4	944	1.907	-1.03199999999999	0.164418785053855	27	944	3.652	1.98	1.190134630176
Motacilla_alba	TRUE	0.919063109954457	15594	14126	0	0.517573299039163	0.0194232534082184	0.85118976889338	0	0.635910965481206	0.4685567861893	19	894	2.09900000000001	1.83	1.76681603727096	6	894	11.124	7.472	4.6303845221318	25	894	3.92600000000001	2.941	2.69552898304694
Patagioenas_fasciata	FALSE	0.685272429332241	19528	13382	0	0.839451000339432	0.00000370027685450432	0.878033606578717	0	0.605455543239358	0.466528748136459	20	907	4.55	3.67	2.99180298158548	6	907	4.59799999999999	2.97199999999999	2.77207450364754	26	907	4.51499999999999	3.58099999999999	3.250469738789
Terrapene_carolina	TRUE	0.801894918173988	22254	15827	0	0.6923427000187	0.000717353032185345	0.798796373622312	0	0.562255435530106	0.463074051600675	15	878	-2.583	-1.039	2.03349915732369	4	878	4.86	2.712	-3.23514809943951	19	878	-1.409	-0.135000000000002	2.36476109145434
Osmia_bicornis	TRUE	0.900720354636129	11191	9753	0	0.653016449246976	0.00179850643702629	0.83497081922573	0	0.375931769795569	0.28350240236116	27	934	3.225	2.05299999999999	1.45824605637024	6	934	-2.719	2.02	-0.991699320855216	33	934	2.22600000000001	3.661	0.614390935229103
Neophocaena_asiaeorientalis	TRUE	0.801577955723033	18260	13614	0	0.615500550463	0.00386593142470095	0.864562307729036	0	0.614335475510741	0.463204895363582	19	942	0.214999999999999	-0.286999999999998	-0.202977241121716	4	942	6.834	3.816	-1.15843789202571	23	942	1.158	0.180000000000002	0.111228384895695
Ovis_aries	TRUE	0.776860306974937	21160	15994	0	0.248400609974108	0.290960131061531	0.848643406907542	0	0.626418832825007	0.465580067081347	18	907	-0.0720000000000054	0.945999999999991	2.87606647734817	2	907	-6.121	-4.146	0.089583383104741	20	907	-0.331999999999999	0.734000000000001	2.71202260384086
Lamprotornis_superbus	FALSE	0.618160275743214	14256	5739	0	0.640976470156997	0.00232404199899154	0.834556616014467	0	0.559257635791137	0.431123328968253	19	836	4.34300000000001	3.41500000000001	2.99270984571262	6	836	5.989	3.731	0.576305834673685	25	836	4.735	3.556	2.83471584117125
Nematolebias_whitei	TRUE	0.857091339961877	21341	16637	0	0.815651096212581	0.0000117073784286346	0.365940715548766	0	0.631042015771667	0.388884076332055	21	931	1.958	2.15100000000001	4.22031122117683	4	931	5.464	5.433	1.84908604642534	25	931	2.564	2.848	4.61926565071171
Tetranychus_urticae	TRUE	0.909138472270666	11686	10426	0	0.606962388603855	0.00454193941056154	0.115402945097886	0.0000000000000000000000000012172556307335	0.292661489821109	0.268143801695201	22	820	-0.406000000000006	0.441999999999987	2.00546381939083	6	820	8.929	9.985	-0.152610243306317	28	820	2.439	3.888	1.16990155307876
Ixodes_scapularis	TRUE	0.429859229983569	24501	9680	0	0.543265767034579	0.0133038756798684	0.415454032223266	0	0.729315487485474	0.451356629489522	19	845	3.898	3.689	4.40739753098897	1	845	6.12900000000001	6.71700000000001	7.06859784933286	20	845	3.747	3.58	4.72054496000221
Centruroides_sculpturatus	TRUE	0.81744580830504	24591	18780	0	0.419706686318882	0.0654364077959156	0.257730955032547	0.0000000000000000000000000000000000000000000000000000000000000000000000000000000000000000000000000000000000000000000000000000000000000000000000000000000000000000000000000000000000000000000000000000000000000000000000000000000000000000000000000126521257087022	0.314761450222898	0.287769253409536	14	903	-1.081	-0.687000000000004	-1.73965221634237	6	903	-2.079	-1.729	-1.94480023316403	20	903	-1.018	-0.763999999999998	-1.94301675608749
Eurytemora_affinis	TRUE	0.968173138128581	20716	18252	14	0.332590235256314	0.151919490892926	0.136098169978343	0.000000000000000000000000000000000000000000000000000000000000000000000000217201339751929	0.401360559051497	0.30468442114496	19	902	-1.541	-1.121	0.198171190680213	7	902	6.608	7.295	1.1409860507048	23	902	0.334000000000001	0.918000000000002	0.817015361252016
Tyto_alba	TRUE	0.958822289368281	16281	13645	0	0.680301624791986	0.000964250741447269	0.872068897557989	0	0.564004632687955	0.455582243151083	18	921	3.453	3.067	-0.437707717639235	7	921	3.837	2.179	0.658723999606803	25	921	3.615	3.095	0.238354582296396
Anser_cygnoides	TRUE	0.886127883573309	14709	11447	0	0.571436570092795	0.00848795567952117	0.859631958682691	0	0.548305186574853	0.442816014070668	23	857	2.844	2.23800000000001	2.83313752610104	6	857	3.311	1.996	2.68135581943803	29	857	3.017	2.193	2.64383970029963
Ursus_arctos	TRUE	0.756250622571969	20480	15184	0	0.770332198900235	0.0000708133446976165	0.860476778558312	0	0.621989497682759	0.468819107689218	20	953	-1.634	-0.325999999999999	-1.22685689156463	4	953	-6.472	-3.426	-0.518645551528962	24	953	-2.13100000000001	-0.529000000000007	-1.09370716385846
Seriola_lalandi	TRUE	0.756884377758164	25802	17151	0	0.706280606547366	0.000500470185153833	0.474193900310612	0	0.629359367482479	0.382706090451679	17	912	3.71699999999999	4.12199999999999	4.54675310986076	5	912	2.28200000000001	2.73000000000001	2.53667915870045	22	912	3.51699999999999	3.92299999999999	4.92998376628263
Balaenoptera_acutorostrata	TRUE	0.864141122035859	18832	14941	0	0.584870527120854	0.00675553366316515	0.855084733215684	0	0.613752520648779	0.458853906499773	20	927	-2.772	-3.008	1.00612220655651	5	927	-1.247	-1.279	0.645725521689577	25	927	-2.422	-2.622	1.02748106451037
Podarcis_muralis	TRUE	0.881777217888464	21258	18199	0	0.630193166218652	0.00289807237295818	0.727855468943293	0	0.576453835070117	0.444898014737865	16	935	-0.296000000000002	-0.474000000000002	2.16350601963639	5	935	-2.95099999999999	-1.80999999999999	-1.82924823054714	21	935	-0.839000000000001	-0.722999999999996	2.19096453738646
Anas_platyrhynchos	TRUE	0.843090620807416	16836	13825	0	0.70632610221742	0.000499866014723342	0.874831497872031	0	0.606253826910777	0.465937116801763	19	886	5.95599999999999	5.21599999999999	2.12157200953608	6	886	9.04400000000001	5.64800000000001	0.25752131358594	25	886	6.555	5.369	1.92915313808713
Odocoileus_virginianus	TRUE	0.839497416151586	21072	16570	0	0.335464484046992	0.148195205691291	0.842032782542943	0	0.62549133099495	0.461986697566667	18	925	-0.484000000000001	0.0690000000000024	1.17343330878972	3	925	-3.765	-1.748	-1.37271616190618	21	925	-0.711000000000001	0.0439999999999996	1.23346833391231
Diabrotica_virgifera	TRUE	0.687765896286076	20592	11963	0	0.4909644122023	0.0279382303249872	0.0712378880325711	0.000000000000113200493586965	0.339228635155333	0.323522063423917	17	936	3.581	3.873	-0.751854112037004	5	936	10.835	11.49	2.88427802294654	22	936	5.15	5.55200000000001	-0.0556814647962478
Trachemys_scripta	TRUE	0.577604137388274	18662	10275	0	0.619963434595537	0.00354719581047689	0.744987492085727	0	0.530779133022005	0.446835151606343	18	921	2.68	2.118	3.70522718792724	4	921	-5.826	-2.644	-5.29693957282341	22	921	1.435	1.34500000000001	3.34462851950841
Glossina_fuscipes	TRUE	0.890023632680621	12387	10545	0	0.654096564627712	0.00175668154305007	0.141168604579695	0.00000000000000000000000000000000000000000581418217933011	0.353142751045691	0.292031026946972	20	939	6.53499999999999	6.63799999999999	2.10377128191034	6	939	2.034	2.57000000000001	0.702138466204472	26	939	6.103	6.086	1.15156661912209
Ceratosolen_solmsi	TRUE	0.942169962586852	9823	8814	0	0.551952477211245	0.0116290881658603	0.797218997801938	0	0.383188761604331	0.238026667074933	18	952	2.73600000000001	0.763999999999998	4.76763730296689	6	952	-8.711	-5.549	-0.198576305739487	24	952	0.314999999999999	0.695999999999997	3.36005357531873
Bombus_vancouverensis	TRUE	0.855815212487594	11338	9485	0	0.77161858170023	0.0000676677827720789	0.835807091476622	0	0.354122255540163	0.271756406866297	27	965	3.32600000000001	2.35400000000001	1.04691345106848	6	965	-1.982	1.595	-1.74841960886181	33	965	2.554	3.576	0.151140035239072
Peromyscus_maniculatus	TRUE	0.635499902553109	21608	13043	0	0.627649949432904	0.00304938785584446	0.813494887865314	0	0.604362149189772	0.46518958039827	22	927	4.20600000000001	3.33100000000001	1.67774571545461	3	927	2.906	-0.292999999999999	0.208547372505774	25	927	4.042	3.028	1.56587566573515
Equus_asinus	TRUE	0.842585433740529	20471	16347	0	0.656865733785723	0.00165315969358844	0.861418816331094	0	0.614878103071319	0.462612210371877	19	950	2.825	2.572	1.25249501984155	5	950	-0.164999999999993	0.201000000000007	-0.651121471404914	24	950	2.42500000000001	2.30400000000001	0.729665897112397
Gorilla_gorilla	TRUE	0.817638190954774	20654	16271	0	0.734543311948672	0.00022586532984657	0.827924188522497	0	0.595210324552673	0.45785762278756	18	922	-0.405999999999995	-0.544	-0.840280164802709	5	922	-0.564999999999993	-0.486999999999993	-0.720260461170136	23	922	-0.375999999999999	-0.509999999999994	-0.55341422999719
Vicugna_pacos	TRUE	0.834606716869125	19504	15184	0	0.596689408945182	0.00548184311523922	0.841886534629618	0	0.621348037936094	0.45752217165892	19	951	1.931	1.919	0.14949870767515	0	NA	NA	NA	NA	19	951	1.931	1.919	0.14949870767515
Pan_troglodytes	TRUE	0.799569583931133	21522	16719	0	0.601357979858567	0.00503660981562505	0.82588887218766	0	0.597128268666949	0.461965179462085	22	942	0.492999999999999	-0.342999999999999	-1.09691385235231	4	942	-0.267000000000006	-0.232000000000004	-1.61546017418126	26	942	0.443000000000005	-0.276999999999994	-1.17346406554775
Struthio_camelus	TRUE	0.911552486616495	14590	11749	0	0.699486332713801	0.000597950996355915	0.85343139614845	0	0.512264731245735	0.430076317392028	22	879	2.748	2.567	2.72293956433586	6	879	-2.3	-1.614	0.394227884009318	28	879	1.753	1.746	2.19555006513852
Vespula_vulgaris	FALSE	0.703349282296651	15512	10878	1	0.513211201231956	0.0206552138377814	0.811618123572831	0	0.338924313811164	0.268135009888477	25	916	0.311000000000006	0.006000000000006	-0.210305948167944	6	916	-5.28	0.533	-1.28001558747875	31	916	-0.566000000000005	2.10099999999999	-0.743415559942506
Vespula_pensylvanica	FALSE	0.482529208135006	18491	8921	0	0.646971897876048	0.00204827763030024	0.812300638429696	0	0.311657896261974	0.244572548575572	19	949	3.558	4.166	0.621987877325136	6	949	-2.844	1.064	-1.72471538360342	25	949	2.355	4.434	-0.206255360499114
Arvicola_amphibius	TRUE	0.729897204342396	21575	15195	0	0.662398075558497	0.00146160404954372	0.78441229235389	0	0.598718803895018	0.457490596846206	18	863	3.041	2.89	3.43416086446063	6	863	0.368999999999997	-0.137000000000004	-0.447285552335019	24	863	2.638	2.395	2.80253480938319
Oenanthe_oenanthe	FALSE	0.590482887951242	13570	2519	0	0.486890989077205	0.0294671199442664	0.815538024489026	0	0.580025206466701	0.427347812293353	19	818	7.159	5.226	0.302730719025357	6	818	11.517	7.144	0.493323362219794	25	818	8.084	5.81499999999999	0.688119431256112
Chelonus_insularis	TRUE	0.946153109130976	10548	9875	0	0.703738541704371	0.000535228590884381	0.527712388718295	0	0.249845990784456	0.213583592385829	20	957	3.411	3.31699999999999	1.22333260534915	6	957	6.478	7.157	1.04860261833166	26	957	4.807	5.09899999999999	0.91687503332753
Branchiostoma_floridae	TRUE	0.632993874126966	26689	16223	0	0.828058066241933	0.0000065625488699632	0.317505850668571	0	0.626301856352316	0.388667154073564	19	944	6.707	6.56	5.38523109376118	6	944	0.761000000000001	2.537	6.48036480104555	25	944	5.14899999999999	5.49499999999999	6.08810394051436
Cloeon_dipterum	FALSE	0.877973178137652	16299	13879	0	0.829187721417719	0.00000621168061183286	0.38025795241821	0	0.60968720423209	0.326345418427782	22	926	9.158	6.878	4.02077973427425	6	926	5.226	3.80199999999999	6.16495030861037	28	926	8.30799999999999	6.21299999999999	4.94170535697612
Gymnodraco_acuticeps	TRUE	0.88015607580825	24925	20527	0	0.576156490538107	0.00784220749666154	0.28470517655848	0	0.639072787397702	0.383604175364504	19	898	2.601	2.513	1.17982682367815	4	898	3.10199999999999	3.64599999999999	6.67888059656994	23	898	2.918	2.929	3.08741942180699
Pseudochaenichthys_georgianus	TRUE	0.776227853778874	23287	17306	0	0.696240601503759	0.000649924405497341	0.368127412194559	0	0.653793299322216	0.390047428421644	17	895	1.481	2.052	2.39323708482307	3	895	2.942	4.269	7.20190226085466	20	895	1.899	2.579	4.16696573765346
Molothrus_ater	TRUE	0.869920776897521	15981	13616	0	0.730245904253911	0.000256489393868494	0.849976468829737	0	0.638029653258011	0.466047110134574	20	926	4.669	4.225	1.50007640506653	6	926	5.001	3.16	3.78253367677747	26	926	4.80299999999999	4.06499999999999	2.1076125832889
Zerene_cesonia	TRUE	0.83757388846055	11924	9777	0	0.833146486831912	0.00000510752068498453	0.620350829117319	0	0.476830142311754	0.298580925570914	20	925	6.209	5.595	-0.954110617218445	6	925	7.389	8.575	5.61852426370108	26	925	6.559	6.556	0.659790948589078
Osmia_lignaria	TRUE	0.940361273057441	10556	9839	0	0.689940596514056	0.000761784604515744	0.828035106709924	0	0.378881022138378	0.28384239430306	23	960	5.357	6.359	-1.91781383019639	6	960	-3.832	0.543000000000005	-0.961839670981024	29	960	3.57	6.095	-1.73186470368246
Bombus_vosnesenskii	TRUE	0.855620331572235	11184	9393	0	0.738288858546377	0.000201778330682777	0.832414299175474	0	0.351345966404046	0.270598518155411	24	966	5.192	3.759	3.02252070327242	6	966	-7.17	-1.942	-1.58379611309257	30	966	2.547	4.305	1.77775204422501
Bombus_bifarius	TRUE	0.894022735606894	11148	9752	0	0.764358301836461	0.0000871269627187963	0.83494953772378	0	0.357722647507467	0.27325052507724	27	959	3.66099999999999	2.61499999999999	1.11363551279722	6	959	-1.903	1.928	-1.62250586843365	33	959	2.701	3.81999999999999	0.217334271713243
Arvicanthis_niloticus	TRUE	0.762824048538334	22234	16596	0	0.607452400754864	0.00450066917208958	0.775904676170816	0	0.590261193689249	0.450554402955833	21	893	4.656	3.222	-0.912273053166257	5	893	3.652	1.729	-0.308617336491401	26	893	4.547	2.949	-1.00387283135884
Anneissia_japonica	TRUE	0.864931713087429	21084	16086	0	0.559067125909546	0.01038831681086	0.0180052074940883	0.0300429870668392	0.383889314694515	0.326527038640234	20	945	-0.349999999999995	-0.227999999999995	-2.08480615920113	2	945	0.764999999999999	0.649	2.22644686644983	22	945	-0.163000000000002	-0.0190000000000023	-2.00456372587162
Oxyura_jamaicensis	TRUE	0.782526302032281	16416	11975	0	0.778578609799076	0.0000526508825562483	0.857455160376467	0	0.576308928069388	0.455186068479092	17	899	2.274	2.408	1.14491833434871	6	899	-1.584	-0.603999999999999	1.93949812320506	23	899	1.45	1.739	1.61234444553178
Ignelater_luminosus	FALSE	0.673563527251556	27558	15040	0	0.616950246578062	0.00375989448304515	0.327039510640009	0.000000000000000000000000000000000000000000000000000000000000000000000000000000000000000000000000000000000000000000000000000000000000000000000000000000000000000000000000000000000000000000000000000000000000000000000000000000000000000000000000000000000000000000000000000000000000000000000000000000000000000000000000000000000968368665848843	0.273260641563833	0.276549787588431	21	905	2.51	3.912	-3.18882746187785	3	905	3.384	7.659	-1.16176741304728	24	905	2.872	5.12	-2.53718023548534
Belonocnema_treatae	TRUE	0.769418661455789	14488	11025	0	0.743874524478574	0.000169951058855758	-0.0554062020776019	0.0000000150189856884622	0.393729671699022	0.273952085321867	18	955	-0.497999999999998	-1.019	0.296921531124006	6	955	12.245	13.388	3.14570005527506	24	955	2.343	2.507	0.900146094379772
Stegodyphus_dumicola	TRUE	0.739130434782609	20837	13362	0	0.56390977443609	0.00960697153757661	0.340777997279136	0.0000000000000000000000000000000000000000000000000000000000000000000000000000000000000000000000000000000000000000000000000000000000000000000000000000000000000000000000000000000000000000000000000000000000000000000000000000000000000000000000000000000000000000000000000000000000000000000000000000000000000000000000000000000260866661004178	0.319365037569961	0.321032983621875	16	917	1.299	1.43	-0.349068479207598	2	917	5.855	6.058	1.38967318997278	18	917	1.635	1.775	-0.355866628775786
Odontomachus_brunneus	TRUE	0.913007249395884	12167	10957	0	0.751618891842897	0.000132992443824246	0.704352975920124	0	0.505117142337356	0.315757082141286	16	947	3.489	3.93600000000001	1.87993874397538	5	947	-5.36	-2.28699999999999	0.401458707174612	21	947	1.842	2.889	1.6154232533007
Eudyptes_filholi	FALSE	0.758046857893584	12955	3462	0	0.712188185707682	0.000427021840580816	0.872864595831952	0	0.567044520991104	0.450365220667317	25	747	0.963000000000003	1.427	1.17294505406828	6	747	4.227	3.165	1.12961746196744	31	747	1.77499999999999	1.796	0.684908293585373
Chiroxiphia_lanceolata	TRUE	0.171025240697372	15873	2629	0	0.670228008042226	0.00122260454610763	0.862897865513652	0	0.608336180112012	0.459463578928575	20	931	2.532	2.898	2.20603830570163	5	931	1.768	0.561	0.716190519819571	25	931	2.472	2.52	2.17564526962826
Cyclopterus_lumpus	TRUE	0.829430801446792	21480	17428	0	0.583678115740954	0.00689648702271959	0.442170880765195	0	0.675550215387345	0.39936774431707	16	928	3.444	3.15	4.90738450627358	5	928	1.12300000000001	2.328	3.5025395093189	21	928	2.99199999999999	3.03299999999999	5.86485202781547
Notolabrus_celidotus	TRUE	0.869390700401389	22740	19277	0	0.587660061016629	0.00643499300820501	0.451964340825748	0	0.625577109477089	0.385866883418846	18	886	2.208	2.55	5.55666512662067	4	886	0.733000000000006	0.921000000000005	4.69844951421105	22	886	2.092	2.412	6.38410515411649
Pecten_maximus	TRUE	0.757923584081341	26152	19083	0	0.738149193159172	0.000202635323442418	0.161958338036267	0.0000000000000000000000000000000000000000000000000000000000000000000000000000000000000000000000000000166596102312889	0.452776131717149	0.346452369110958	20	921	3.131	2.462	1.95477437840714	4	921	1.605	2.241	1.44373460873721	24	921	2.865	2.399	1.87496047860944
Photinus_pyralis	TRUE	0.646418139511857	20647	13057	0	0.682487085958149	0.000914762299736174	0.499353966142113	0	0.444640502784573	0.343159736883531	20	814	4.135	3.527	0.517137535914969	6	814	0.130000000000002	1.941	2.17938430318196	26	814	3.351	3.593	0.876230696005814
Camarhynchus_parvulus	TRUE	0.9088281660536	15747	13836	0	0.783814301679431	0.0000433381544382343	0.845549017373767	0	0.646401153269985	0.467184755264655	22	962	5.18000000000001	4.61100000000001	1.70541534325577	6	962	6.813	6.257	3.06488437015966	28	962	5.43899999999999	4.837	2.10400786166866
Asterias_rubens	TRUE	0.953756860765882	16079	15118	0	0.632016186665438	0.00279349634106985	0.116877949933434	0.00000000000000000000000000000000000000000115056622534524	0.499600854162394	0.37531772132541	20	956	2.038	2.115	2.06735871964308	3	956	0.436000000000003	0.470000000000004	-0.743961108060531	23	956	1.794	1.823	1.91450102092712
Gopherus_evgoodei	TRUE	0.712360238933987	20174	13953	0	0.687476543540247	0.00080975921416633	0.809233574013031	0	0.563369288591759	0.468925281345477	17	946	-0.705999999999996	0.228	1.06548798501203	2	946	1.26000000000001	1.64800000000001	-3.67358857984776	19	946	-0.531000000000004	0.433	0.9837238272904
Archocentrus_centrarchus	TRUE	0.710710104557749	25253	17605	0	0.654862261274555	0.0017275281255352	0.423891821166917	0	0.598289613495937	0.392687159000882	19	915	-1.486	-1.029	-1.01483178011337	6	915	4.52900000000001	5.40200000000001	2.81766963951202	25	915	-0.357000000000007	0.24499999999999	0.434505688405595
Dermochelys_coriacea	TRUE	0.767830298981126	18514	13791	0	0.712834477713576	0.000419574296156009	0.811176030211977	0	0.5618710540685	0.459469447653804	21	947	2.711	2.477	0.873966046374436	3	947	5.625	3.66900000000001	-3.60736232829336	24	947	3.032	2.706	0.684387284895083
Thrips_palmi	TRUE	0.933010262257697	14332	13092	0	0.605125887000538	0.00469940664483682	0.829037246786255	0	0.608827361820902	0.434729827643284	17	948	5.614	5.312	-1.14330607131726	5	948	3.247	7.346	0.252254706624216	22	948	5.476	5.716	-0.783357570370208
Eumeta_japonica	FALSE	0.132420523498543	96512	12592	0	0.806043474876073	0.0000178130551022774	0.472832455162025	0	0.491692535796368	0.31052207727743	22	847	2.431	1.73	0.667277025766649	4	847	-8.122	-3.963	-0.2113890544583	26	847	0.947000000000003	1.625	0.271876282541939
Nylanderia_fulva	TRUE	0.740239316239316	15280	10826	0	0.715535641153413	0.000389631111362199	0.643108193445623	0	0.443668112290827	0.249605751511996	14	934	3.256	3.80800000000001	3.51765244530354	6	934	-2.876	-0.698999999999997	0.128505330436579	20	934	1.752	2.938	2.60549522375114
Varanus_komodoensis	FALSE	0.727521650534896	18293	11425	0	0.699323565549813	0.000600470669210685	0.798618330981029	0	0.538940001046222	0.445452153473226	19	797	3.738	3.299	0.480686783702838	6	797	5.772	3.766	-2.64099938654059	25	797	4.13399999999999	3.50899999999999	0.211574760391914
Anarrhichthys_ocellatus	TRUE	0.919860788863109	23087	19823	0	0.672448627952718	0.00116114963818874	0.372547977744071	0	0.661462511726756	0.394792237007966	16	909	1.374	2.184	-3.96067826387149	6	909	1.869	2.494	4.74027007555385	22	909	1.407	2.16000000000001	-0.874869010827345
Cottoperca_gobio	TRUE	0.750885082767199	21272	15695	0	0.533834586466165	0.0153370468002174	0.349059951857093	0	0.633850589517044	0.381858853216481	19	867	1.856	2.037	3.90632456867354	4	867	-0.222	1.023	2.73311111215916	23	867	1.444	1.8	4.38047546708112
Phyllostomus_discolor	TRUE	0.0391653122214649	19754	747	0	0.559224583672166	0.0103621250284247	0.900209058141176	0.00000000000000000000000000000000000000000000000000000000000000000000000000000000000000000000000000000000000000000000000000000000000000000000000000000000000000000000000000000000000000000000000000000000000000000000000000000000000000000000000000000000000000000000440562708103459	0.586116355405495	0.447948936485252	18	928	-0.686000000000003	0.922999999999996	-1.91481760689168	6	928	-18.283	-10.835	1.62461594364994	24	928	-4.483	-1.381	-0.669433942834546
Onychomys_torridus	TRUE	0.77873196584552	20942	15869	0	0.581640495730927	0.0071429248489124	0.782552957779686	0	0.599727831585797	0.459201125287047	19	913	4.14	3.618	1.37754301472134	2	913	4.706	1.83	-2.61973710776995	21	913	4.12	3.567	1.44109703088792
Suricata_suricatta	TRUE	0.819182814271064	19608	15177	0	0.60489749450816	0.00471930096325168	0.856818231480344	0	0.629399373266373	0.475265898324433	22	944	4.75899999999999	3.06799999999999	1.29738675494024	4	944	6.436	1.133	-0.586693353900503	26	944	5.036	2.86	1.19011709578617
Strigops_habroptila	TRUE	0.123118928185917	16053	1939	0	0.689006805467952	0.000779674238294545	0.799479037410907	0	0.54816771001209	0.438257625025917	23	935	7.254	6.218	1.32455484548503	5	935	11.442	6.18799999999999	1.96494070499888	28	935	8.034	6.287	1.26766146186414
Drosophila_guanche	TRUE	0.938176551303552	13307	12307	2	0.868356569649938	0.000000692574136425392	0.465498220285487	0	0.663044915404768	0.405747089913671	19	952	10.389	10.787	5.88642538573051	6	952	7.24499999999999	9.01699999999999	5.38293983360504	25	952	9.753	10.5	5.77099648375056
Marmota_flaviventris	TRUE	0.691346831872671	20861	13726	0	0.511681789879658	0.0211015827360575	0.87594585198596	0	0.584069235279925	0.443026177926374	14	895	3.513	3.347	0.135612894979298	4	895	8.867	3.77	-0.0530310741663764	18	895	4.304	3.61	0.64181532192864
Electrophorus_electricus	TRUE	0.89667491068975	22304	19578	0	0.32781954887218	0.158243868264064	0.680208596446734	0	0.611641079586887	0.399653122321094	18	918	1.798	1.234	-1.3188008092417	5	918	0.195000000000001	0.818000000000002	4.32673627374813	23	918	1.508	1.207	0.833036931155468
Apteryx_rowi	TRUE	0.826236028252074	15883	12049	0	0.791248800021371	0.0000325709010707523	0.875767245951464	0	0.557660190617164	0.453367195486588	19	932	2.838	2.413	0.328042903624687	6	932	5.847	3.407	0.917629315884638	25	932	3.321	2.727	0.484149779607307
Ceratotherium_simum	TRUE	0.759651699538397	19984	14482	0	0.610463317239399	0.00425382530035651	0.867867534026343	0	0.611450144477902	0.459226817838503	23	959	2.05	1.27999999999999	0.699805734397629	6	959	0.168000000000001	-0.684000000000001	-0.819799071929	29	959	1.799	0.944999999999996	0.0179117729431244
Micropterus_salmoides	TRUE	0.877692247881191	27179	22576	0	0.803779307811814	0.0000195998007885902	0.363068419956359	0	0.609637112852074	0.384471267410459	19	858	3.334	3.809	1.42879250479813	4	858	2.174	2.027	3.70753328629173	23	858	3.19	3.57	2.2699460786797
Drosophila_subpulchrella	TRUE	0.843385672889009	15028	12515	0	0.856928682647573	0.00000140249024033628	0.38801194559232	0	0.668159552476478	0.34392538904369	23	942	14.037	12.142	7.37597608088955	6	942	14.966	12.077	7.17357309273413	29	942	14.296	11.916	7.09023283445723
Molossus_molossus	TRUE	0.668139237811369	19367	12553	0	0.597513816822547	0.00540094910724073	0.86118470473148	0	0.601658710085492	0.458699579682226	19	903	-0.842999999999994	-0.209999999999994	-0.295255922206117	6	903	-5.024	-1.73899999999999	0.506028432928918	25	903	-1.746	-0.373000000000007	-0.124243269597935
Pipistrellus_kuhlii	TRUE	0.81136	19189	15213	0	0.617596868718971	0.00371338138860357	0.865081709737889	0	0.671252184039774	0.483298878527278	23	899	3.122	1.76500000000001	-2.13833074013045	5	899	4.3	2.43700000000001	0.132486147566369	28	899	3.505	2.021	-1.82434447649259
Arctia_plantaginis	FALSE	0.706623697991598	17537	12279	0	0.837545320241557	0.00000408472411016861	0.278283914423775	0.0000000000000000000000000000000000000000000000000000000000000000000000000000000000000000000000000000000000000000000000000000000000000000000000000000000000000000000000000000000000000000000000000314378720334713	0.446252716829334	0.342042507075243	18	939	8.065	8.617	1.05436764131588	6	939	7.899	10.047	5.32732379624792	24	939	8.036	9.067	2.06831961940674
Contarinia_nasturtii	TRUE	0.94914418539128	14889	13475	0	0.784554521782134	0.0000421438979184583	0.14687986793891	0.00000000000000000000000000000000000000000000000000000000000009080438287465	0.346508881013763	0.270266725075863	22	939	9.59800000000001	9.30800000000001	3.30026307447282	6	939	12.221	12.519	1.07244097944012	28	939	11.187	11.014	2.57557735132374
Talpa_occidentalis	TRUE	0.844784078464981	21779	17743	0	0.718163101259667	0.000362269718912035	0.873362877363973	0	0.623711376535041	0.476341141042	19	887	2.022	2.699	1.16091980055096	5	887	-1.315	-0.172999999999995	-0.227726172136899	24	887	1.589	2.37399999999999	0.81052144065149
Grammomys_surdaster	TRUE	0.804658705587498	21298	16374	0	0.643534451704081	0.00220281949877907	0.785324339818779	0	0.587454628637964	0.450343703091016	21	908	3.301	2.935	2.77111706480617	6	908	-0.678000000000001	-0.348999999999999	0.756229071738623	27	908	2.585	2.368	2.29942195899938
Pipra_filicauda	TRUE	0.914954885774621	16310	14298	0	0.675476507503825	0.00108156237204403	0.867327988553764	0	0.62280890558288	0.467257823239199	20	914	4.142	3.311	1.61983886336332	5	914	7.833	5.243	3.59416155600458	25	914	4.676	3.62	2.16521967158025
Cyanistes_caeruleus	TRUE	0.939520183881626	16519	13080	0	0.552120472966851	0.0115984683536471	0.834374147950679	0	0.586634790789542	0.443059283823274	22	900	1.503	0.949999999999995	0.767541498672708	6	900	-1.38699999999999	-0.145999999999996	1.50190226826538	28	900	0.922000000000001	0.808000000000003	0.711947428562476
Paramormyrops_kingsleyae	TRUE	0.912081752328389	23862	21153	0	0.761337122777819	0.0000965410403515868	0.653145615021079	0	0.673835096896751	0.425269702318607	19	888	-0.314999999999999	0.498999999999999	-3.1471226521575	4	888	-0.823000000000007	0.337999999999994	7.99845142576089	23	888	-0.418999999999997	0.477	-0.85580924108723
Melanaphis_sacchari	TRUE	0.883697393944505	12320	10478	0	0.783196303515407	0.0000443574829189784	0.633262775335895	0	0.330689588015136	0.218701938332933	22	926	7.068	6.052	0.173350780928583	6	926	6.504	6.574	-3.43257899309776	28	926	8.05	7.723	-0.55264287507143
Piliocolobus_tephrosceles	TRUE	0.655314151497358	24097	14508	0	0.72186722716718	0.000326486152330497	0.861989114150791	0	0.558594460350721	0.445309024625308	16	910	0.750000000000001	0.448999999999999	-0.39307052553717	5	910	8.13299999999999	3.84399999999999	-0.89516346532722	21	910	2.507	1.552	-0.0837227878939639
Mastomys_coucha	TRUE	0.884671977269268	20166	17436	0	0.558525007881176	0.010478904976076	0.772551873093945	0	0.591108725355391	0.451054687668122	19	939	1.497	0.614000000000009	0.487231579083947	6	939	-2.6	-0.304000000000004	-0.0771459112152706	25	939	0.707999999999998	0.578000000000001	0.564644000915565
Acanthochromis_polyacanthus	TRUE	0.909168886280529	24580	20139	0	0.481203007518797	0.0317110446244624	0.192154333578694	0.0000000000000000000000000000000000000000000000000000000000000000000000000000000000000000000000000000000000000000000000000000000000000000000000000000000000000385345539667345	0.635778848934507	0.379625150215271	17	920	-0.706000000000001	-0.412000000000001	-0.110648098260768	3	920	1.673	1.495	2.42475264804555	20	920	-0.403999999999999	-0.140000000000001	0.717343024730271
Mus_pahari	TRUE	0.687950360288231	20482	13748	0	0.567551210774164	0.00905149901003436	0.792978192765182	0	0.598932405260889	0.456381106355119	19	938	3.25599999999999	3.25599999999999	1.24278320996988	6	938	-1.403	-1.292	-0.042630148725864	25	938	2.41600000000001	2.44400000000001	1.09861520699106
Miniopterus_natalensis	TRUE	0.837104601531895	18161	14317	0	0.534049112841949	0.0152881792749048	0.846864683377112	0	0.610414718821343	0.455084846350146	17	958	2.363	2.084	2.32593020145231	6	958	0.402999999999998	0.907999999999998	-0.956413486230517	23	958	2.083	1.984	2.09732382655283
Myotis_myotis	TRUE	0.769316966332196	20154	15104	0	0.611908119856086	0.00413941486351589	0.846780620735255	0	0.640492901794382	0.479158307925019	20	861	1.908	1.604	-0.11647879386999	5	861	1.24599999999999	0.650999999999996	0.903571986453766	25	861	1.92	1.604	-0.0998484760178386
Sturnus_vulgaris	TRUE	0.77218045112782	15233	11297	0	0.91069486824102	0.0000000247253609710913	0.856438306109983	0	0.614313674845674	0.45707713812876	20	935	6.464	4.847	1.11612921849575	6	935	11.089	7.37299999999999	2.7961740216757	26	935	7.238	5.278	1.60981597077776
Octopus_bimaculoides	TRUE	0.270178969309279	15842	3759	0	0.700751879699248	0.000578664102019436	0.274991727896659	0.00000000000000000000000000000000000000000000000000000000000675123370586616	0.336907602354958	0.358019915073235	20	948	1.146	0.443999999999994	0.608127785947582	4	948	-1.987	-0.919000000000003	-0.803923187246403	24	948	0.980000000000003	0.669000000000003	0.182675140665661
Lynx_pardinus	FALSE	0.831673877912735	21160	15954	18	0.365211247899619	0.113336848210382	0.862455489952434	0	0.604566393610437	0.465123248342183	17	920	-0.145000000000001	1.234	-0.408703630143975	9	920	-0.158999999999998	1.323	-1.00361054217685	20	920	-1.08200000000001	0.657999999999997	-0.298533770936205
Lynx_canadensis	TRUE	0.0942999737325979	19742	1795	0	0.641325211205879	0.00230719453281466	0.871512286838956	0	0.551647317724103	0.433578203646213	19	939	-0.684000000000001	-0.894	-1.66762419017945	5	939	-14.149	-9.071	0.515081111722537	24	939	-2.838	-2.043	-1.68911912264994
Calidris_pugnax	TRUE	0.786615753025694	16523	12154	0	0.572948307050712	0.00827657622860123	0.870406305129508	0	0.591946960749988	0.457296906085521	19	907	4.52500000000001	4.14800000000001	1.19311436108309	6	907	2.86299999999999	2.22099999999999	2.83493347127065	25	907	4.084	3.706	1.75314977750533
Nicrophorus_vespilloides	TRUE	0.902078404866509	12642	10677	0	0.735297463192973	0.000220827325488542	0.579668656804636	0	0.51932822619518	0.265677776406357	22	959	10.521	9.318	1.00829532983585	5	959	8.919	7.21	3.31463610931805	27	959	10.276	8.956	1.38788538270306
Dinoponera_quadriceps	TRUE	0.910149592880136	11048	9613	0	0.728859447897416	0.000267096657478177	0.737211488054435	0	0.578026656969733	0.354682791724659	26	955	0.749999999999995	0.224999999999997	0.847634570923173	6	955	-6.668	-4.155	3.66556536053817	32	955	-0.770000000000004	-0.114000000000003	1.3556361403869
Gekko_japonicus	TRUE	0.87371890919988	19476	14578	0	0.604966311213022	0.00471329932255597	0.787045589504473	0	0.572450073050086	0.459268318445997	17	949	1.135	1.657	2.09424816452037	5	949	-1.179	-0.0429999999999986	-2.82506454444699	22	949	0.735999999999998	1.386	2.1959575993399
Pantherophis_guttatus	TRUE	0.885445908011229	19907	16402	0	0.741418245821552	0.000183372670671642	0.760927342379919	0	0.513789551406433	0.411069399988618	21	957	1.149	1.195	1.59649837638628	4	957	3.924	3.497	-2.89257914480678	25	957	1.589	1.62899999999999	1.02239126015468
Hermetia_illucens	TRUE	0.780330222541278	14004	10870	0	0.904639409801862	0.0000000436244108844205	0.144644673827508	0.00000000000000000000000000000000000000000000000402235994173736	0.426604058160408	0.395308256459635	21	969	12.606	11.48	2.86408531225033	6	969	15.127	16.864	2.86268584494656	27	969	13.231	13.05	2.91869046944846
Scaptodrosophila_lebanonensis	TRUE	0.803591303702604	13655	10830	0	0.874392062749156	0.000000464510850384983	0.367969640613246	0.0000000000000000000000000000000000000000000000000000000000000000000000000000000000000000000000000000000000000000000000000000000000000000000000000000000000000000000000000000000000000000000000000000000000000000000000000000000000000000000000000000000000000000000000000000000000000000000000000000000000191463785391836	0.545020079626311	0.336186217899144	20	943	10.871	10.885	4.91689593027571	6	943	8.651	8.815	2.60230380022894	26	943	10.462	10.502	4.18704964773011
Zootoca_vivipara	TRUE	0.898614674191893	20278	17514	0	0.595104633451366	0.00564014940700816	0.742554389170816	0	0.567960599025906	0.441648855836663	16	943	2.307	2.701	0.364023848213074	6	943	-0.0920000000000032	0.403999999999993	-1.70691264900342	22	943	1.822	2.256	0.717231951907654
Manis_javanica	TRUE	0.838516684718139	20676	16258	0	0.564532321355152	0.00951009122254488	0.838389313539113	0	0.611354455895179	0.458147217630987	20	934	3.117	2.582	5.13734283094831	6	934	0.0390000000000001	-1.287	-0.984219607956577	26	934	2.632	1.801	3.22514860210436
Sander_lucioperca	TRUE	0.810893637886651	24727	19845	0	0.746707288164591	0.000155525179777909	0.406458872957077	0	0.619936727642555	0.386290494287631	17	930	3.644	3.571	3.01595052419632	3	930	1.45500000000001	2.24100000000001	1.78905253934613	20	930	3.296	3.367	2.99469676871601
Colossoma_macropomum	TRUE	0.670088589787461	26670	17624	0	0.758931982967297	0.000104648193626729	0.437785944433402	0	0.60182086071309	0.376207991136958	15	910	-0.563000000000002	-0.001000000000001	-2.47806081394958	6	910	1.944	2.697	1.20580174839442	21	910	-0.166000000000005	0.452999999999992	-0.496696613705838
Perca_fluviatilis	TRUE	0.894570655294021	25021	21815	0	0.70853709410822	0.000471241544220902	0.38750816001789	0	0.621062901886193	0.386177421255296	20	931	3.042	3.135	1.8328823597429	3	931	3.574	3.107	4.83810349070434	23	931	3.011	3.016	2.55833176101191
Periophthalmus_magnuspinnatus	TRUE	0.0201628352490421	21306	421	0	0.622272561409414	0.00339103799188676	0.460737702481591	0.0000000000000000000000883094319627048	0.582416298635827	0.36497007693479	18	926	2.31299999999999	2.318	1.94386523751121	6	926	4.00700000000001	4.79200000000001	-0.203757363591361	24	926	2.683	2.974	2.01954904270988
Ophiophagus_hannah	FALSE	0.766371264998824	18445	9772	0	0.661129890285997	0.00150377874922519	0.757141854427614	0	0.498653110111688	0.403108010249769	22	769	2.554	2.6	-0.238922733878133	6	769	1.33	1.712	-0.5273433217858	28	769	2.307	2.56200000000001	-0.463073271192516
Crotalus_tigris	TRUE	0.829970881863561	19653	15962	0	0.719509479221801	0.000348895145547798	0.774482205440448	0	0.51412146300834	0.410636215484957	25	954	1.17	0.538000000000005	3.85644520696178	6	954	3.735	2.57000000000001	-3.31618947637308	31	954	1.988	1.271	1.66013584888208
Thamnophis_elegans	TRUE	0.793048098743566	18900	14328	0	0.638495112120934	0.00244690558293717	0.760623917026483	0	0.520150987663486	0.418459270923561	23	926	0.570999999999999	0.536999999999999	3.54580691617119	5	926	3.15	1.53199999999999	-4.08921958967626	28	926	1.064	0.777999999999995	2.11010747434293
Naja_naja	FALSE	0.790805650013079	23071	12093	0	0.654096564627712	0.00175668154305007	0.74905431466158	0	0.51782958694151	0.414108460609336	19	919	0.322	1.283	2.63661125334488	6	919	-3.271	-1.65	-2.57421950224297	25	919	-0.306999999999996	0.921000000000005	1.81322307444174
Aquila_chrysaetos	TRUE	0.902205703144041	16702	14807	0	0.6305095926567	0.00287969078033109	0.881201451013337	0	0.590959685706277	0.471498268568165	18	932	5.094	4.688	2.44680846534913	6	932	8.81099999999999	3.60499999999999	2.55445383154027	24	932	5.771	4.84500000000001	2.50748701002316
Catharus_ustulatus	TRUE	0.925042178838274	16929	15352	0	0.514525786708304	0.020277576909566	0.803202256037564	0	0.634777366858969	0.46659540187182	21	935	4.396	4.118	2.14775457469367	6	935	1.838	1.68599999999999	3.19467225417176	27	935	4.01199999999999	3.72899999999999	2.43159497818304
Corvus_cornix	TRUE	0.941014799154334	14435	13353	0	0.735180759073148	0.000221600609666462	0.860142863105819	0	0.610298812749211	0.461129832665424	23	867	4.667	3.099	0.525956917190618	6	867	4.453	2.949	1.68370743856026	29	867	4.66300000000001	3.02900000000001	0.654119472839265
Hirundo_rustica	TRUE	0.872879677909049	15516	13225	0	0.713231383438303	0.000415055545828353	0.863151422059581	0	0.628473058628604	0.469217227751898	19	914	6.08000000000001	4.80100000000001	3.28882190868007	6	914	5.062	3.169	2.92785170477439	25	914	5.896	4.514	3.42010933088305
Panthera_leo	TRUE	0.883152884565092	19491	16885	0	0.708051366730663	0.000477407543368606	0.855095835023082	0	0.622915259307933	0.470779518064197	19	932	0.727	1.376	0.681939553755501	5	932	-4.10299999999999	-1.54399999999999	0.164353046837185	24	932	-0.0110000000000054	0.968999999999998	0.614438244079618
Pteropus_giganteus	TRUE	0.76450981429554	19574	14450	0	0.668679297078543	0.0012670661160696	0.869913209630168	0	0.60841374595242	0.450110625303318	19	944	-0.302999999999998	0.194	-3.61634826443042	4	944	-0.562999999999991	-0.281999999999988	-1.31692530399607	23	944	-0.0409999999999966	0.401000000000007	-2.77484806229423
Myotis_brandtii	TRUE	0.833025881826821	19988	14902	0	0.323530883804908	0.164082669310644	0.849381151669193	0	0.617338807473959	0.469007930638254	23	890	2.018	1.57	0.490219013943716	4	890	-2.818	-0.550999999999996	0.898471669855871	27	890	1.38900000000001	1.36500000000001	0.393141992987645
Phascolarctos_cinereus	TRUE	0.656227315150887	19945	12656	0	0.85520751103675	0.0000015515977736593	0.813168568504124	0	0.542467934751014	0.42613552019306	19	959	0.741000000000003	0.163000000000002	-0.998772122504954	5	959	1.33800000000001	2.002	-0.501411940387753	24	959	0.925999999999999	0.655	-0.707198224513633
Trichechus_manatus	TRUE	0.705377063810799	19108	12646	0	0.737674538710987	0.000205571135198273	0.862288050334853	0	0.578493767191976	0.441318688316846	17	954	1.337	1.41600000000001	-1.54610938215288	3	954	-10.32	-3.49599999999999	-2.12757770290395	20	954	0.311999999999996	1.116	-1.02168124447369
Caenorhabditis_elegans	FALSE	0.832706484128178	19998	16605	0	0.818833843748904	0.0000101337770085397	0.24390479167439	0.00000000000000000000000000000000000000000000000000000000000000000000000000000000000000000000000000000000000000000000000000000000000000000000000000000000000000000000000000000000000000000000000000000000000000000000000000451900511666831	0.409482122268339	0.294053571347438	19	866	20.624	19.199	3.24911846909192	6	866	21.552	24.797	2.37786791342839	25	866	21.075	21.663	2.80171323776706
Meriones_unguiculatus	TRUE	0.80037770518579	21921	15681	0	0.658374036274323	0.00159896022146396	0.81383235036708	0	0.617002332039342	0.463900916643217	19	885	1.44500000000001	1.59200000000001	0.347432343697635	5	885	-3.14300000000001	-1.99	0.698019427698005	24	885	0.770000000000004	1.09900000000001	0.46682122964018
Bactrocera_oleae	TRUE	0.846471956577927	13211	9825	0	0.846386502017462	0.00000255404507247769	0.425689747705879	0	0.414911077363353	0.280976020474467	18	956	7.91200000000001	7.44000000000001	0.797294462716275	6	956	4.716	7.414	0.679253514136324	24	956	7.34099999999999	8.09599999999999	0.452314698492423
Gigantopelta_aegis	TRUE	0.715137067938021	22556	15600	0	0.561113240132412	0.0100521198290716	0.360536478635553	0	0.501636245642009	0.363280849991154	17	934	3.054	3.036	0.906634186238636	5	934	1.01399999999999	1.87899999999999	4.78245276214119	22	934	2.538	2.73	1.7619519673638
Acinonyx_jubatus	TRUE	0.468354430379747	19529	8880	0	0.667421145870772	0.00130418038684656	0.871618058860138	0	0.608550252725907	0.463855342832306	22	953	6.106	3.482	0.254499842840772	6	953	17.976	6.93	0.96304099086566	28	953	8.476	3.646	0.133932877213683
Neomonachus_schauinslandi	TRUE	0.788016112789527	18819	14085	0	0.696536934489459	0.000645025783651885	0.865311655650833	0	0.616641784863771	0.468446424278589	23	928	4.61499999999999	3.39899999999999	2.46483681630765	4	928	4.918	0.380999999999998	-1.80308160033192	27	928	4.65099999999999	2.93399999999999	2.00726259081744
Vulpes_lagopus	TRUE	0.822162910241202	20695	16634	0	0.719670264116456	0.000347326439401902	0.847671733678095	0	0.618016022061036	0.46858028635852	20	870	4.45000000000001	3.24700000000001	0.939224488134882	4	870	2.459	0.152000000000002	-1.60168265864242	24	870	4.303	2.966	0.67963429178004
Halichoerus_grypus	TRUE	0.62841286358456	21245	12682	0	0.605194213391463	0.00469346849055597	0.864891000216625	0	0.614402621182984	0.469561311731039	21	878	8.517	4.85699999999999	1.20425439206844	3	878	11.113	3.24099999999999	1.23684971295334	24	878	8.846	4.734	1.22667087386041
Nyctereutes_procyonoides	FALSE	0.677623587440645	27168	18409	0	0.724945334115215	0.000299085947103483	0.824207374523531	0	0.614256142616963	0.469909358573603	20	890	4.85100000000001	4.481	0.17240928272112	5	890	1.629	2.311	-0.211224163484669	25	890	4.403	4.208	-0.00756416878088251
Vulpes_vulpes	TRUE	0.862868968521947	19366	15844	0	0.570245832307195	0.00865753372413842	0.852223747222344	0	0.609432896524772	0.464082743611465	23	929	3.112	2.04800000000001	3.28285653522464	5	929	1.70400000000001	0.414000000000003	-0.665465531081166	28	929	2.947	1.74099999999999	2.33144275246949
Leptonychotes_weddellii	TRUE	0.876924625138372	22214	17428	0	0.651340375057341	0.00186505854859753	0.853091708064667	0	0.615779351679343	0.471409066507832	22	918	2.01	1.50400000000001	-0.646928227245769	6	918	0.863999999999998	-1.26	-0.639371173594849	28	918	1.922	0.986999999999993	-0.567713244646029
Mirounga_leonina	TRUE	0.908812220721189	19899	17491	0	0.652066798643501	0.00183596552460742	0.848308632138479	0	0.613096839906453	0.465557365579987	18	876	3.21	2.486	-0.966668342347132	5	876	4.14599999999999	0.584999999999997	-0.272940876858052	23	876	3.538	2.45400000000001	-0.348524082154605
Puma_concolor	TRUE	0.539840038486981	17659	8977	0	0.622645942671123	0.00336633203859985	0.876964023823558	0	0.576341654150607	0.44952737094621	18	932	2.315	1.695	-0.193548777377783	5	932	4.793	1.83800000000001	-0.0961417971777123	23	932	2.819	1.742	-0.11782080315702
Orbicella_faveolata	TRUE	0.408793264733396	25929	10051	0	0.667419301052177	0.00130423547122068	0.319984604794384	0.00000000000000000000000000000000000000000000000000000000000000000000000000000000000000000000000000000000000000000000000000000000000000000000000000000000000000000000000000000000000000000000000000000000000000000000463137239686353	0.429215546725049	0.373729510287065	15	904	2.349	2.428	-0.364802746797355	5	904	0.297999999999998	1.446	-0.695872788634416	20	904	1.865	2.174	-0.141555671316534
Hydra_vulgaris	TRUE	0.682591093117409	21385	14331	0	0.826808166561542	0.00000697073329602801	-0.084284969045377	0.0000000000000000000129321714281814	0.247236079783527	0.246905159809317	17	922	1.82	1.257	-1.42299707959578	6	922	0.886999999999999	1.854	-1.32979683708979	23	922	2.585	2.549	-1.49398709910404
Stylophora_pistillata	TRUE	0.865505826871627	24846	19087	0	0.543675315352854	0.0132207777444294	0.289057479956985	0.000000000000000000000000000000000000000000000000000000000000000000000000000000000000000000000000000000000000000000000000000000000000000000000000000000000000000000000000000000000000000000000000000000000000000000000000000000000000000000000000000000000000000000000000000000000000000000000000000000000000000000453943346372565	0.419353056446754	0.366517060891641	16	950	0.874000000000003	1.185	-1.50912783690921	3	950	-2.551	-1.04	2.07732619899547	19	950	0.539000000000001	0.965000000000005	-1.03395412558889
Ancylostoma_ceylanicum	FALSE	0.711085387443824	15892	10443	2	0.226502519090087	0.336911121372758	0.186907927813778	0.00000000000000000000000000000000000000000000000000000000000000000000000000000000163647024051473	0.508971612543731	0.411669248302768	18	763	6.42200000000001	5.47400000000001	1.96417628932091	5	763	6.162	8.041	0.907980884233789	23	763	6.4	6.322	1.8342348524416
Alligator_mississippiensis	TRUE	0.944438125568699	18955	16607	0	0.57466324815697	0.00804200553647677	0.814745554293734	0	0.571004968987775	0.478536198698696	16	968	-1.989	0.682999999999995	0.455875333414002	5	968	8.64499999999999	6.07299999999999	-4.94751427142762	21	968	-0.0470000000000026	2.238	0.988276298911078
Daphnia_galeata	FALSE	0.884447674418605	15649	13387	2	0.517293233082707	0.019500547061355	0.445513841479754	0	0.429770218748161	0.286202778670413	16	894	2.062	1.074	-0.456058375531426	6	894	6.652	8.201	2.43937307181722	22	894	3.038	3.087	0.199070180949551
Ramazzottius_varieornatus	FALSE	0.774374249766594	23007	17418	0	0.858610994450797	0.00000126900271020005	0.113738288695434	0.000000000000000000000000000000000000000000215437749242932	0.570270761650757	0.429912208695916	22	860	6.607	4.071	2.52541357297091	6	860	5.753	6.741	2.88474727874444	28	860	6.44899999999999	4.88799999999999	2.6111706151145
Puntigrus_tetrazona	TRUE	0.881585769552905	25865	22104	0	0.672686420677166	0.00115472587222124	0.30105569738306	0	0.588811114962901	0.345908390247265	18	873	0.284000000000001	1.206	-0.00227843117264204	4	873	5.511	5.378	2.36133785941269	22	873	0.949	1.711	0.733694105212085
Caenorhabditis_nigoni	FALSE	0.689981485291092	29167	20124	0	0.746145220122457	0.000158300903032986	0.228982202885277	0.000000000000000000000000000000000000000000000000000000000000000000000000000000000000000000000000000000000000000000000000000000000000000000000000000000000000000000000000000000000000000000000000000000000000000000000000000000000000911236036158222	0.444047799541987	0.320650895819359	18	838	17.076	15.212	2.62917864480303	6	838	20.656	20.579	3.50399707724871	24	838	17.898	16.812	2.84208666793581
Lepidothrix_coronata	TRUE	0.947020319105414	15382	13889	0	0.83817910415385	0.00000395317777178128	0.871454741563334	0	0.616630358055801	0.463229747580765	18	912	6.464	5.104	2.81731972634331	6	912	6.879	3.964	3.76452020109008	24	912	6.509	4.893	3.09717276423717
Owenia_fusiformis	FALSE	0.841955509570616	26881	16275	0	0.472317221739249	0.0354817446640186	0.0779122870957352	0.000000000000000000203620686633834	0.392500304649834	0.331854178149244	18	928	1.171	0.877	0.594283993841727	5	928	0.809000000000004	1.603	3.31117384757834	23	928	1.237	1.148	1.04388709425398
Betta_splendens	TRUE	0.942092951405747	22932	21345	0	0.269578618969975	0.250390122221721	0.728092729510365	0	0.663724217294636	0.420794648938195	20	919	3.754	3.479	2.93296982244049	5	919	2.26999999999999	2.726	2.35438170576007	25	919	3.501	3.415	3.26944463213712
Onychostruthus_taczanowskii	TRUE	0.856397565380242	15777	12804	0	0.6100988924743	0.0042830924982807	0.857634922485261	0	0.636833708430171	0.468951719679084	22	944	4.66799999999999	3.108	0.567113273712527	5	944	12.587	7.325	3.93275337524944	27	944	5.83899999999999	3.59599999999999	1.20952309728014
Numida_meleagris	TRUE	0.924959978655283	16083	13867	0	0.749164191928883	0.00014387597992505	0.872035822340989	0	0.591832293717596	0.465597191132594	19	926	4.617	3.11500000000001	1.5428287051421	6	926	4.425	2.352	2.28021400410511	25	926	4.55099999999999	3.08199999999999	1.80016101754805
Papilio_machaon	TRUE	0.912773058252427	13379	12034	0	0.840878637395041	0.00000343330618065664	0.449322664070422	0	0.472542543375424	0.307492680232535	22	954	8.635	9.33200000000001	2.32090465393061	6	954	7.217	9.465	6.23129958705725	28	954	8.469	9.82000000000001	3.0727912425953
Mustela_putorius	TRUE	0.45468419238911	20794	9236	0	0.694802076979448	0.000674154763900572	0.88532209282749	0	0.607137847274668	0.466447920844827	19	911	9.134	6.199	0.639918736274148	5	911	14.479	4.883	0.0199122467083424	24	911	9.92900000000001	5.94600000000001	0.522401431678665
Lates_calcarifer	TRUE	0.919066655788529	25342	22530	0	0.788563052426924	0.0000361575447948441	0.468987962205909	0	0.617856638180987	0.383125686043438	20	891	4.638	4.71299999999999	2.58467202730764	5	891	2.496	2.522	2.37117574786133	25	891	4.275	4.333	2.97120123431011
Takifugu_flavidus	FALSE	0.665416922023144	29408	18458	0	0.486427552573813	0.0296451426436393	0.638324386804095	0	0.656991205366222	0.433185115324409	20	883	3.64399999999999	3.08999999999999	5.74731504627961	6	883	-1.61500000000001	0.704999999999989	4.14870187150855	26	883	2.651	2.875	5.81793479493657
Tursiops_truncatus	TRUE	0.851617478588184	19240	15611	0	0.536145186331346	0.0148172595673171	0.852456175769382	0	0.621338642476268	0.465721066731551	17	900	-0.912999999999997	0.0740000000000018	0.629603659025629	4	900	0.0870000000000037	-0.209999999999994	-1.02231797596171	21	900	-0.590000000000002	0.217000000000001	0.871226890738763
Elysia_chlorotica	FALSE	0.769643637271422	23871	12332	0	0.752445660712713	0.000129489464586906	0.518743966017164	0	0.543798482733872	0.348597487581933	18	936	3.742	3.651	-0.0152758411620824	6	936	-2.44799999999999	-0.920999999999994	4.72232092967498	24	936	2.582	2.927	1.36046505853552
Haliotis_rufescens	TRUE	0.728638011393061	31171	22512	0	0.819278037540034	0.00000992948664878353	0.37369625663939	0	0.54572676701109	0.400799744999949	18	957	3.387	3.065	-2.49227575158659	5	957	3.833	4.993	6.31864171915251	23	957	3.5	3.533	-0.509597313850063
Trichuris_suis	FALSE	0.898122758911622	9829	8516	0	0.735416351347586	0.000220041942956598	0.310258266290222	0.00000000000000000000000000000000000000000000000000000000000000000000000000000000000000000000000000000000000000000000000000000000000000000000000000000000000000000126608774644848	0.489933679319902	0.389328015330542	19	786	0.474000000000002	0.579000000000002	0.410797350735997	4	786	3.419	4.267	1.04746246248613	23	786	0.948000000000004	1.175	0.464655826100557
Homarus_americanus	TRUE	0.70613584055629	22368	14420	0	0.711061149373514	0.000440278331298103	0.454479821719296	0	0.526256857832656	0.383585306304355	18	941	2.475	3.296	1.75376021134678	5	941	-3.096	-1.146	3.11775628718071	23	941	1.739	2.784	1.91920324791589
Echinococcus_granulosus	FALSE	0.711370262390671	11319	8052	41	0.382184502368375	0.0963216556604972	0.279972661959756	0.000000000000000000000000000000000000000000000000000000000000000000000000000000000000000000000000000000000000000000000000000000000000103750395755288	0.508386263732632	0.391189888615607	11	801	-2.519	-0.691999999999998	-0.194165526471363	5	801	-0.625999999999999	3.528	0.302180249160994	13	801	-2.34	0.522000000000006	-0.156060535696739
Schistosoma_haematobium	FALSE	0.887063655030801	8934	6912	12	0.628491285814138	0.00299861988859473	0.276186451907598	0.000000000000000000000000000000000000000000000000000000000000000000000000000000000000000000000000000000000000000464824659134809	0.260440542313969	0.340892673071994	11	764	-0.720999999999999	1.114	-3.46065113231483	6	764	2.69	4.112	-1.45402527355529	15	764	1.14	3.046	-2.46421877539418
Acropora_digitifera	TRUE	0.850477590007348	26073	20835	2	0.54587107100711	0.0127823664716622	0.367882836239767	0	0.419515758655737	0.372365523103602	17	825	1.743	2.026	-1.02796164390904	4	825	-2.235	0.225999999999998	2.2843933559241	21	825	1.105	1.73	-0.43731621016494
Pieris_rapae	TRUE	0.852809547488812	12147	10290	0	0.822204144297016	0.00000867090593566598	0.546027037277792	0	0.405224211519922	0.292311096225401	21	953	9.15	9.011	1.00967344059376	6	953	9.226	11.651	2.75128123302457	27	953	9.262	10.148	1.33611057183606
Coptotermes_formosanus	FALSE	0.858462199312715	12984	7994	0	0.784272554860928	0.0000425954240962813	0.44714839162578	0	0.430436913893311	0.382419355080545	18	913	3.316	3.41500000000001	0.132423614797955	6	913	0.266999999999995	1.52099999999999	3.07183729332198	24	913	2.666	3.11799999999999	0.651286354881525
Myotis_lucifugus	TRUE	0.777067230161819	19953	13974	0	0.385029742827977	0.0936631743616783	0.841094634968652	0	0.61846857430231	0.464999629463282	23	904	4.376	3.90900000000001	2.6149256168845	5	904	2.572	1.639	0.806135622502502	28	904	4.088	3.525	1.96197207538465
Gymnogyps_californianus	TRUE	0.808412169060097	15144	11878	0	0.525286758908002	0.017388666717283	0.861811723973928	0	0.562646305614103	0.451207162010097	19	883	7.055	5.834	1.18252012753791	6	883	17.28	8.15400000000001	1.75176821681198	25	883	8.811	6.475	1.41250389965449
Fundulus_heteroclitus	TRUE	0.847137448814031	26804	21929	0	0.646107604924587	0.00208625407142047	0.364722911369976	0	0.668955162638171	0.395891714493016	14	895	1.36	2.231	-0.863857134543022	5	895	6.553	6.729	3.52567854574207	19	895	2.39200000000001	3.169	1.6440270945026
Pteropus_vampyrus	TRUE	0.783479906490037	19529	14076	0	0.704820076413118	0.000520197986115469	0.875399601288635	0	0.601840349394966	0.450318458270594	17	953	-0.528000000000001	0.151999999999997	-2.48238480138101	4	953	-0.120999999999993	-1.03399999999999	-1.32056913411767	21	953	-0.209999999999999	0.255000000000005	-1.71053228174348
Necator_americanus	FALSE	0.222518236600063	19153	3508	0	0.43808834849979	0.0533607259021772	0.194478586810658	0.000000000000000000000000000000546214586814156	0.43135329645799	0.373817606991645	19	799	-0.0170000000000003	-0.0730000000000008	-0.437769292728196	6	799	8.762	9.131	1.69308671254139	25	799	1.806	1.82599999999999	0.0950109059133009
Dictyocaulus_viviparus	FALSE	0.804825054319323	14171	10742	0	0.725698915543609	0.000292685154794927	0.121107002379251	0.00000000000000000000000000000000000380694270551679	0.352716467438841	0.321892738579459	17	808	0.972000000000001	-0.158999999999998	0.985306850112777	6	808	2.071	4.346	2.20543960012646	23	808	1.243	1.36	1.2066392969404
Melitaea_cinxia	TRUE	0.768319928507596	13771	10317	0	0.830320519974834	0.00000587633650529828	0.431798135125567	0	0.435023523668874	0.316950070910653	18	966	8.094	7.97000000000001	-0.981952117502904	6	966	10.943	13.747	4.4035438938316	24	966	8.787	9.714	0.499738038788289
Clonorchis_sinensis	FALSE	0.748315883451019	13489	9220	0	0.541964967216235	0.013570607696038	0.269447891413487	0.0000000000000000000000000000000000000000000000000000000000000000000000000000000000000000000000000000000000000000000000000000000000000000480664800896751	0.469396824204073	0.436619115673516	20	817	1.702	1.57600000000001	-0.446072967271838	6	817	3.141	4.873	0.143520105846268	26	817	2.14	2.817	-0.604412427648593
Acropora_millepora	TRUE	0.651166728756731	30136	19227	0	0.635816583302243	0.00258556680885908	0.342947643205083	0	0.419935176935702	0.37197999758475	13	867	1.649	1.571	-0.644421883538498	5	867	-0.711000000000001	1.114	-0.911090696590056	18	867	1.145	1.452	-0.498006945949819
Drosophila_mauritiana	TRUE	0.811654676258993	14112	11282	0	0.87104468716706	0.000000581125303295246	0.441166065480861	0	0.66814748215779	0.369307072095119	21	954	13.25	12.294	7.08103830633152	6	954	12.035	8.732	6.42803001819978	27	954	12.987	11.283	6.87510145199222
Drosophila_sechellia	TRUE	0.81577622779895	14116	11345	0	0.850242496932508	0.00000206202854826117	0.435424387121105	0	0.66406669323405	0.366664227142734	20	952	15.97	14.94	5.45706364761047	6	952	15.394	11.918	6.22830034066094	26	952	15.834	14.028	5.73626568927119
Drosophila_erecta	TRUE	0.720760017743605	13718	9749	0	0.815582088796463	0.0000117437206317967	0.470832534631299	0	0.674826944741756	0.378011325363212	22	954	7.30099999999999	6.85699999999999	6.87077611408587	5	954	7.755	6.459	5.86746907672827	27	954	7.378	6.661	6.52423705458931
Acanthocheilonema_viteae	FALSE	0.941592261904762	10138	7593	0	0.690204486596956	0.000756792378209657	0.53876003925216	0	0.315560312414351	0.272712761433461	14	815	-1.072	-0.0959999999999961	2.51986722226649	6	815	4.255	3.316	0.144301973166044	20	815	1.371	1.032	1.71426205993931
Varroa_destructor	TRUE	0.928536273255242	10260	9433	0	0.797741527626578	0.0000251432939091761	0.435905578336384	0	0.495488745369096	0.371546277135581	22	927	3.799	3.235	2.94194102666677	6	927	5.78799999999999	7.21499999999999	1.49997925998457	28	927	4.23	4.32	2.61656741191649
Loa_loa	FALSE	0.636621880998081	14903	8292	0	0.685464447230919	0.000850805990581939	0.533788636144671	0	0.333192026650073	0.295502942568894	18	878	-1.63300000000001	0.0509999999999899	0.257775237296776	6	878	6.237	4.089	-0.0732254415290512	24	878	0.91	0.778000000000001	-0.192875961854028
Steinernema_carpocapsae	FALSE	0.589598001362707	30821	18172	0	0.811747908518527	0.0000139232609227453	0.360092041023093	0	0.629340191190665	0.383479686407504	21	787	6.862	5.036	3.12690370307689	4	787	11.459	12.106	5.6057822006358	25	787	7.60500000000001	6.08500000000001	3.71568678150805
Penaeus_chinensis	TRUE	0.65194711290156	20076	12623	0	0.783133418236798	0.0000444623564455567	0.411559705552562	0	0.580143884687612	0.359101724346315	18	932	3.716	4.6	1.75341470832984	4	932	-1.162	-0.274999999999997	2.06054413747349	22	932	3.033	3.942	2.16741841358778
Lepeophtheirus_salmonis	TRUE	0.90099296948612	14014	12431	2	0.303743746297436	0.192938255985483	0.264455426304551	0.000000000000000000000000000000000000000000000000000000000000000000000000000000000000000000000000000000000000000000000000000000000000000000000000000000000000000000000000570355528038097	0.346786235902229	0.269307227578843	15	890	-4.19	-1.438	-0.143023871362669	6	890	9.691	8.285	0.521041101733072	21	890	-0.963999999999998	0.506000000000001	-0.16670674509795
Chloebia_gouldiae	FALSE	0.8070826306914	18989	11965	0	0.542783225709735	0.0134023240298193	0.838940857142462	0	0.624237695671019	0.464450132904152	18	837	1.167	0.770999999999999	0.124436564930702	6	837	-0.0560000000000005	0.579000000000002	4.01131695866285	24	837	1.21199999999999	0.973999999999992	1.24905299023671
