species	nb_genes	nb_genes_filtered	nb_codon_not_decoded	rho_aa_fpkm	pval_aa_fpkm	rho_gc3_gci	pval_gc3_gci	gc3	std_gc3	var_gc3	gci	std_gci	var_gci	average_RTF_abundant_tRNA_WB_WC_notambiguous	expressed_overused_WB_WC_notambiguous	expressed_overused_background_WB_WC_notambiguous	average_RTF_abundant_tRNA_WC_duet_ambiguous	expressed_overused_WC_duet_ambiguous	expressed_overused_background_WC_duet_ambiguous
Microtus_ochrogaster	37795	15885	0	0.756595754107771	0.000113076201203124	0.78142475205424	0	0.605142490166724	0.000922569187195801	0.0135202620835162	0.459717748345757	0.000483372490286376	0.00342692936035103	1.79322857833887	0.03131	0.02589	2	-0.0187400000000001	-0.00584000000000007
Melospiza_melodia	14000	3879	0	0.643466864509449	0.00220595307957124	0.822613988954041	0	0.628420649524791	0.00268810892504668	0.0280293808909197	0.446665350640623	0.00147768501572742	0.00757692892979757	1.86287619022581	0.04606	0.03472	2	0.04775	0.0330299999999999
Lonchura_striata	29134	12280	0	0.795177116854619	2.78798554082042e-05	0.846433937882637	0	0.618020715088811	0.00155607830318683	0.0297345425397675	0.453620957244339	0.000888487029731485	0.00923766648181659	1.88195019266448	0.10589	0.0726299999999999	2	0.18865	0.10147
Callithrix_jacchus	85133	18835	0	0.751888790567584	0.000131840068023983	0.824615393140113	0	0.594045783313297	0.00115094605755739	0.0249502880442087	0.458472489535324	0.000624314861396532	0.00643079949260326	1.76610039041389	0.0200900000000001	0.00758000000000009	2	0.02478	0.00623000000000001
Pelodiscus_sinensis	38587	14199	0	0.625517899662072	0.00318124941494289	0.79156945257227	0	0.534223746285003	0.0013540756225898	0.0260341617212341	0.465738408686315	0.000617100137317769	0.00512421406945072	1.94484783779459	0.01459	0.01394	2	-0.0331299999999999	-0.0175599999999999
Panthera_tigris	29473	12781	0	0.545944506952286	0.012767909499624	0.87128967776262	0	0.588787599934601	0.00135861756649954	0.0235917026654666	0.45947419571287	0.000787487229258679	0.00753155337470173	1.96342040736441	0.0345300000000001	0.0261400000000001	2	0.03835	0.01862
Monodelphis_domestica	49112	16670	0	0.583805178385833	0.00688135336652142	0.794142099401884	0	0.535917402148581	0.00110271982319711	0.0202705701112261	0.416016648590996	0.000600993190047326	0.005621243771803	1.72801890591038	0.02151	0.0251500000000001	2	-0.0145500000000001	-0.00126000000000009
Heterocephalus_glaber	60814	15233	0	0.595774614551689	0.005572770931311	0.844643719814445	0	0.613348118612476	0.00129168478419721	0.0254154924784411	0.460235309732211	0.000745107060413315	0.00790194143652313	1.76711778914464	0.01988	0.01915	2	0.00775999999999999	-0.000809999999999977
Macaca_mulatta	67977	18074	0	0.792313349751464	3.12368438291016e-05	0.824884492871926	0	0.598297015378808	0.00119910092576814	0.0259875749274372	0.461165034869863	0.000632231643973118	0.00655935353542802	1.80905281351489	0.01609	0.00696000000000002	2	-0.00653999999999999	-0.01225
Ornithorhynchus_anatinus	43095	14029	0	0.817463825551155	1.07870323604555e-05	0.842606284907162	0	0.69954136284237	0.00142072439681894	0.0283169446405715	0.518707958177693	0.000751094347090534	0.00758377056118411	1.70674299164918	0.00112000000000001	0.00659999999999999	2	0.02826	0.00309999999999994
Erinaceus_europaeus	29382	14147	0	0.614111422845395	0.0039698505453533	0.854031111870747	0	0.618974698484704	0.00143835790680754	0.0292683529528678	0.465327344256812	0.000725645508812874	0.0070048463635353	1.86830821799533	0.0191600000000001	0.0190500000000001	2	-0.00257999999999992	-0.00921999999999995
Felis_catus	54726	15130	0	0.776063723888804	5.77058560725104e-05	0.861478984711897	0	0.61935761256059	0.00132968247020228	0.0267506792847518	0.470181096582955	0.000764728447990754	0.00832242540573628	1.87008267022254	0.02005	0.01816	2	-0.01791	-0.01798
Rattus_norvegicus	56113	16774	0	0.631262889661069	0.00283632099684709	0.757020599445385	0	0.599130918689003	0.000856113520642308	0.0122941738624404	0.45968822102693	0.000429257999829794	0.00285606767147707	1.8849387090864	0.01452	0.00743999999999989	2	-0.01422	-0.00385000000000002
Mus_musculus	78443	16756	0	0.624910109735382	0.00321969564135843	0.766687728219403	0	0.598407921470745	0.000889896766824239	0.0132693487789045	0.456308967255511	0.000437700938111288	0.00298350821808359	1.77143890631135	0.03082	0.02447	2	-0.0117100000000001	-0.00311000000000011
Bos_taurus	63696	15315	0	0.313017394856489	0.179018830516101	0.846167433201235	0	0.627448797074201	0.00131308946719297	0.0264061834766855	0.466437176462139	0.000710471786795083	0.0072086226525579	1.82403319686635	-0.00263999999999998	0.00213000000000008	2	-0.01759	-0.0151
Crocodylus_porosus	28676	12415	0	0.331322254142739	0.153582978778109	0.750211183754371	0	0.533098362079726	0.00140149807410146	0.024385503913981	0.458704767526367	0.000655578908562356	0.00509895388029388	1.99176001525625	-0.000439999999999996	0.00828999999999996	2	0.0428999999999999	0.0358999999999999
Gallus_gallus	49681	15448	0	0.711112372124164	0.000439668336332138	0.87864422228205	0	0.602767265023421	0.00134101453611916	0.0277804471450083	0.474848027311497	0.000862394430707279	0.0107126027158715	1.8012151591099	0.03628	0.03968	2	0.00319000000000003	-0.00202999999999998
Loxodonta_africana	41267	17492	0	0.700263306385088	0.000586046443119324	0.841371387227204	0	0.588260491326298	0.0010933728024874	0.0209110577786535	0.447863108226819	0.000611447319136371	0.00550034342785105	2.02110501220621	0.000690000000000024	0.00877000000000006	2	-0.0139900000000001	-0.0115700000000001
Cervus_elaphus	19243	8395	0	0.147479349499692	0.534936713422264	0.821000372757336	0	0.6460636505475	0.00168012263678414	0.0236975073665566	0.477445650549283	0.00103227317536099	0.00869093498229585	1.74363939955141	0.00631999999999999	0.00345999999999996	2	0.0369499999999999	0.00517999999999991
Sus_scrofa	63577	14344	0	0.82136147215093	9.01827692605861e-06	0.85009029879984	0	0.627168110150113	0.00137419741163551	0.0270874753390342	0.473206433177393	0.000747775160315764	0.00754820465251071	1.74547715409808	0.01993	0.01728	2	-0.0038999999999999	-0.0194399999999999
Canis_lupus	62946	16507	0	0.733711282255228	0.000231537259618166	0.847126482850201	0	0.619098233401931	0.00129971416141003	0.027884563670911	0.46850890323383	0.000785823873401546	0.00947768406779986	1.73662041460955	0.04703	0.02735	2	0.0936	0.0175900000000001
Xenopus_tropicalis	39715	15868	0	0.763444958089005	8.98858337417296e-05	0.642208085397016	0	0.480924567705724	0.000813079462478626	0.0104903064328483	0.400807725427909	0.000337512939862197	0.00168616960167061	1.84086741146081	0.00821000000000005	0.01074	2	-0.00152000000000002	-0.00147999999999998
Homo_sapiens	119294	17339	0	0.505643483998943	0.022939362219786	0.829416359284059	0	0.596583492858252	0.00123800999297167	0.0265749433296359	0.459487266513259	0.000643091634557085	0.00664767355392921	1.82132168397941	0.01566	0.00638	2	0.00783	-0.00170999999999999
Equus_caballus	60900	16485	0	0.708585140923872	0.000470635315848484	0.856753141526918	0	0.621443880978617	0.00127186169629453	0.0266666663966523	0.465029201963418	0.000728610872581506	0.00816430822624083	1.81192309864627	0.05723	0.0418	2	0.0445	0.01801
Blattella_germanica	29581	10272	0	0.68272531286823	0.000909499872593694	0.111738216519725	2.0493968009263e-27	0.384490032829206	0.00101055878999066	0.0104900649867774	0.3370503083515	0.000231041332551832	0.000500064751949753	1.86772206401311	0.00117	0.00135999999999997	2	0.02731	0.03187
Cryptotermes_secundus	26728	11720	0	0.797590412975308	2.52978470961927e-05	0.559093974396082	0	0.442959890499121	0.000899372409490087	0.0094799649667575	0.391558687332138	0.000278680770525232	0.000852195790225674	1.66415463621346	0.00246999999999997	0.00232999999999994	2	0.01634	0.02529
Zootermopsis_nevadensis	30187	11533	2	0.77657203412742	5.66517219328007e-05	0.598334212792032	0	0.447226974360888	0.000968604380743729	0.0108201965502844	0.361831578497272	0.000330520989618448	0.001200374440867	1.92890396497208	0.00508999999999998	0.00687999999999994	2	-0.04351	-0.01782
Acyrthosiphon_pisum	27999	12840	0	0.636295902317398	0.00256028354275286	0.53687878491845	0	0.36261690577984	0.00141360013059543	0.0256577268271775	0.251036241933109	0.000422509204066626	0.00211039283335342	1.99164345585466	0.03406	0.02187	2	-0.00558999999999998	6.00000000000045e-05
Cimex_lectularius	24194	11297	0	0.324812030075188	0.162323155769999	0.311662413502435	1.04146867138113e-229	0.466397544210079	0.00106948989278738	0.0129216061018579	0.314420770951734	0.000450119519786132	0.00207672771644811	2.04566409412558	0.0128	0.01041	NA	NA	NA
Halyomorpha_halys	25026	12759	0	0.778743758604436	5.23327340683875e-05	0.181760615731892	6.61082124895161e-86	0.368567292399123	0.00103027535320408	0.0135432613243331	0.289226584703579	0.000287414401751118	0.00094898965638045	1.88574613413323	0.04943	0.0471200000000001	2	0.03518	0.05885
Athalia_rosae	22113	10393	0	0.768307357138429	7.60196340794643e-05	0.688359303132199	0	0.450533996857017	0.00095044169529658	0.00938840655213256	0.346093342336176	0.000516488899833659	0.00262012441702388	1.7785064142207	0.0674400000000001	0.0683900000000001	2	0.04434	0.05485
Cephus_cinctus	31876	10911	0	0.695740103467587	0.00065826962129232	0.699884161917202	0	0.417043382610824	0.000998298246195955	0.0108738959263733	0.310466976719618	0.000695284145608307	0.0049874445850163	1.68366751398426	0.0750000000000001	0.0793700000000001	2	0.04885	0.0741
Orussus_abietinus	19696	9535	0	0.714414440561619	0.000401831300973808	0.835779820809741	0	0.525195047161165	0.00174666489871045	0.0290897428890717	0.357868586980666	0.000957223116107367	0.00827855450938303	1.6978851010101	0.00689000000000006	0.0201700000000001	2	-0.03435	0.00123000000000001
Nasonia_vitripennis	24891	10622	0	0.859303330001112	1.21737916239567e-06	0.781114108190791	0	0.511408203221207	0.00185375198110604	0.0365014026399823	0.325740799440924	0.000920001594496212	0.00836500019549228	1.92297249534092	0.08226	0.07335	2	0.05091	0.0577
Trichogramma_pretiosum	21161	12141	0	0.688567658033865	0.000788209520227316	0.740445604713434	0	0.473974225628432	0.00190558061752121	0.0440868543645424	0.296598933705165	0.000836274705096196	0.00762786915565933	1.96694879194879	0.06397	0.05046	2	0.00353000000000003	0.02069
Harpegnathos_saltator	26784	10466	0	0.778118747750216	5.35455800536879e-05	0.831211821777348	0	0.516780907414315	0.00170099369231387	0.0302821102791576	0.343366751255065	0.0010113592000385	0.0101067554706764	1.62363639971999	0.03589	0.03607	2	-0.01406	-0.00426000000000004
Linepithema_humile	21674	10543	0	0.644696498469684	0.00214952179779594	0.718027875658115	0	0.458011915046506	0.00139454350126344	0.0205035158754263	0.275843993921892	0.000708350969533288	0.00500506693298652	1.75053835053835	0.03427	0.03815	2	-0.01492	0.00431999999999994
Camponotus_floridanus	23971	9554	0	0.788386286085304	3.64051210832675e-05	0.681285147643261	0	0.422734328429804	0.0013943404596183	0.0185747465217572	0.245979599418151	0.000668642388341204	0.00406353414664997	1.76399855143171	0.02397	0.02926	2	0.04332	0.03535
Pogonomyrmex_barbatus	19128	9654	0	0.740016962683099	0.000191428391923998	0.679861162954857	0	0.440798754115702	0.00136253891122844	0.0179227695956402	0.269919812415999	0.000762104564960231	0.00530621956943793	1.6736901986902	0.05982	0.06507	2	-0.02419	-0.00770999999999997
Polistes_canadensis	19297	8885	0	0.725153437904767	0.000297306530149831	0.718602762945085	0	0.299383300777443	0.000969351087690147	0.00834871500476595	0.230959290600455	0.000660445748270527	0.00367663359483823	1.76395033537891	0.02161	0.01898	2	0.04139	0.04782
Polistes_dominula	20855	9278	0	0.728329236854413	0.000271250927787022	0.678084967059161	0	0.281755514136305	0.00090539053954144	0.0076054737659076	0.222059910266496	0.000640596728829166	0.00360381813204056	1.75569500527484	-0.00322	-0.00197000000000003	2	0.06302	0.06132
Solenopsis_invicta	25238	10817	0	0.701891789920176	0.000561746177540413	0.597700967760165	0	0.46438709689095	0.00124899147384977	0.0168743004338234	0.281894592572192	0.000657894134273423	0.0043676339660777	1.91657356053908	0.0419099999999999	0.0346399999999999	2	0.02735	0.0268
Acromyrmex_echinatior	20241	9831	0	0.601442840927262	0.00502880162659785	0.57556764282515	0	0.426766864477869	0.00114992572793907	0.0129998181663799	0.267253192688606	0.000567149193811575	0.00300171439743972	1.81169386169386	0.04392	0.03989	2	0.00827	0.01431
Atta_cephalotes	10657	1269	0	0.685449122741564	0.000851125230430831	0.427641067128189	3.38551928352886e-55	0.398589866481441	0.00284891104818491	0.0102995772896365	0.251168334484665	0.00133391067624462	0.00216187099602225	1.80616281866282	0.02852	0.02668	2	0.07867	0.0676
Dufourea_novaeangliae	12157	8846	0	0.721788027500411	0.000327218471293622	0.829655964463265	0	0.431023774719094	0.00168746629736214	0.0251893609968689	0.31293918190619	0.000781791123957451	0.00510716515268275	1.74387997623292	0.02698	0.0277599999999999	2	0.000519999999999965	0.02595
Megachile_rotundata	26024	9365	0	0.834992884181085	4.6538864689168e-06	0.848740335651946	0	0.379541508760741	0.00162868230109448	0.0248416555449188	0.281380406729522	0.00088662387063633	0.0070057400256969	1.77758352758353	0.03412	0.0395300000000001	2	-0.02398	0.00586000000000003
Habropoda_laboriosa	12256	8669	0	0.577509759087474	0.0076646596242317	0.856083236375537	0	0.387259471680364	0.0017663222409187	0.0270463633292256	0.293920147373818	0.000971679306221251	0.00774400584928489	1.76264013764014	0.03551	0.03321	2	0.01251	0.03365
Eufriesea_mexicana	15659	9329	0	0.698284098754926	0.000616775155041642	0.867920345355214	0	0.356550607065633	0.00184930235122018	0.0319044260883256	0.268299527158522	0.00108522992505587	0.0103993028337906	1.87215235744647	0.0528000000000001	0.0504100000000001	2	-0.01127	0.01626
Apis_mellifera	23471	9431	0	0.643291011388314	0.00221412370684854	0.860191265090721	0	0.311712579917833	0.00205316806342375	0.0397563719806308	0.195953514849928	0.00105384377002764	0.00994974617027795	1.7523199023199	0.09531	0.06373	2	-0.16092	-0.07969
Apis_florea	17663	9418	0	0.609461596403798	0.00433467434771346	0.859397017383868	0	0.311110426613334	0.00198338310748096	0.0370486089337026	0.202479949949754	0.00106476143243432	0.0101399640251483	1.66039198896342	0.06877	0.04762	2	-0.11962	-0.05342
Apis_cerana	19255	9215	0	0.698872900501164	0.000607494089370211	0.854315874214696	0	0.307649011636675	0.00200187017314195	0.0369289668119131	0.200479106842657	0.00109780546519927	0.0105151679239515	1.78557767019306	0.01589	-0.00504999999999994	2	-0.15577	-0.07584
Melipona_quadrifasciata	14257	9294	2	0.633416177012665	0.00271533708629306	0.814706369003801	0	0.388595202431731	0.00164642096141147	0.0251932642223352	0.293069428177678	0.000997342651196478	0.00849765686476027	1.86239768634727	0.02743	0.01928	2	-0.05272	0.00597999999999993
Bombus_terrestris	22091	9632	0	0.676792932893851	0.00104842330535699	0.842408736775583	0	0.353767192139688	0.00144182262100134	0.0200235069951931	0.268971477493115	0.000841209307153197	0.00646564362045689	1.69221778221778	0.0466000000000001	0.0417200000000001	2	-0.02706	0.00921000000000005
Onthophagus_taurus	21668	10280	0	0.744168758444874	0.000168401235436999	0.255399664097248	5.99904853546145e-140	0.310460178238646	0.000747611951581195	0.00574573491791161	0.250756470333554	0.000830765130102753	0.00649105544661663	1.9792509540759	0.0125999999999999	0.00281999999999993	2	0.05144	0.0743
Tribolium_castaneum	22611	11950	0	0.661390641251525	0.00149502479302004	0.406717536648555	0	0.521000699678411	0.00105402998060576	0.0132762014401886	0.305982810119726	0.00057694720074703	0.00364956554633997	1.96490169749279	0.00725000000000003	0.02852	2	0.03572	0.03282
Dendroctonus_ponderosae	20551	9784	0	0.463600399234897	0.0395113372203828	0.744332202077046	0	0.487434393739351	0.00121633560108832	0.0144751569291422	0.352553888599036	0.000605933709591885	0.00338627665605165	1.84565018315018	0.05247	0.0547000000000001	2	0.06105	0.06248
Anoplophora_glabripennis	20632	10716	0	0.773805536525403	6.25958678788568e-05	0.352943438603843	8.90599542889678e-289	0.423879357864016	0.00127697660266967	0.0174742516161941	0.291055356680349	0.000421064264277087	0.00175805835688134	2.09634219387206	0.02626	0.02028	2	0.04752	0.05803
Leptinotarsa_decemlineata	19038	10025	0	0.727276918455726	0.000279659541440784	0.307004860709115	1.02829046487829e-197	0.393944431042711	0.000916226136016449	0.00841569008150432	0.328134104412026	0.000379331030849623	0.00130841023756872	1.82269029731878	0.0468500000000001	0.0373900000000001	2	0.02023	0.0373
Bombyx_mori	22571	9904	0	0.702296270017705	0.000555844874557419	0.517641999880033	0	0.487858205165052	0.00146244510672989	0.021182137315723	0.347564805642144	0.000503865369994933	0.00226638953701233	1.74960941769223	0.04277	0.0357799999999999	2	0.07133	0.09343
Danaus_plexippus	15232	11938	0	0.794728339609102	2.83843286113264e-05	0.6218028893731	0	0.471698951093481	0.00123131012843299	0.0180994958613724	0.281952150750736	0.000504741402167501	0.00275705474249713	1.82821339048769	0.0928100000000001	0.09274	2	0.11394	0.12456
Aedes_aegypti	28317	12159	0	0.781496858575839	4.72679406641745e-05	0.229598438577644	2.16300263598052e-134	0.576519924318576	0.000885092801251414	0.00952523009535041	0.362823641341967	0.000395170630917078	0.00175554878119795	2.28578513941007	0.0907	0.09117	2	0.13131	0.13174
Culex_quinquefasciatus	18883	8988	0	0.79428362142068	2.88920071124081e-05	0.113744571248599	3.0053486364882e-25	0.712159688094653	0.0010578056836237	0.0100571483443878	0.359138639552826	0.000703972635264606	0.00410288588407634	2.12883317628305	0.11428	0.10505	2	0.08709	0.08436
Anopheles_gambiae	14102	8887	0	0.703357141120948	0.000540616268039606	0.472570879810505	0	0.698472595243916	0.00127466714475786	0.0144393872440449	0.429482811129662	0.000719048774114876	0.00407885865995812	2.12626519070769	0.11651	0.10651	2	0.08465	0.08056
Drosophila_grimshawi	14986	9491	0	0.787631849447902	3.74783092070757e-05	0.220999568072471	1.11725025927991e-90	0.591531512838812	0.000747214241547654	0.0052991017042256	0.327243134180763	0.000639618087559142	0.00333262063296071	2.00722298394363	0.07673	0.0771	2	0.087	0.09993
Drosophila_pseudoobscura	23456	12921	0	0.843692644893075	2.95582068074896e-06	0.491548442554333	0	0.66554514371791	0.000919654260318585	0.0109281161080644	0.407827404477747	0.000657638004720978	0.00462761887421126	2.04613076607961	0.08831	0.09976	2	0.0351100000000001	0.0497100000000001
Drosophila_melanogaster	30493	11386	0	0.852513400264492	1.81281734677542e-06	0.45481475281714	0	0.652311368572543	0.000951878245010985	0.0103165379932006	0.36165152638327	0.000666989057566713	0.0042667903983456	2.05704088719092	0.11195	0.10098	2	0.11645	0.0888600000000001
Drosophila_suzukii	23160	12396	0	0.744813489401664	0.00016504750202951	0.369826878901756	0	0.666874977208014	0.0010313408077	0.0131851772287319	0.350538338110428	0.000708132555653974	0.00528981415606127	2.1286353497628	0.09931	0.08708	2	0.15358	0.12711
Ceratitis_capitata	22949	11275	0	0.834776595337229	4.70514321933425e-06	0.413502346899438	0	0.407522195692898	0.000696751254376356	0.00547358755060592	0.287199472651884	0.000680531860114041	0.0046316992499154	2.03943322032219	0.10456	0.10297	2	0.07595	0.11225
Lucilia_cuprina	18864	11322	0	0.877500227507806	3.75131101057259e-07	0.0433528419772741	1.67813183215589e-05	0.317115976647914	0.000524562195303957	0.00311542375411413	0.248510476351318	0.000526137546281807	0.00272640724771569	2.05829904967062	0.08162	0.0675500000000001	2	0.17765	0.19099
Musca_domestica	21309	10971	0	0.834462237730399	4.78051668606689e-06	0.258501788291979	4.60529115923081e-145	0.423403673593295	0.000666406622654016	0.00487219681807365	0.315058085579429	0.000549058433084292	0.00286783809505753	2.28022041233464	0.15457	0.15329	2	0.15838	0.16772
Enhydra_lutris	36603	15179	0	0.592315002717837	0.00592794351768236	0.863886148693108	0	0.627696843223185	0.00133467267806087	0.0270391292206362	0.473519766871685	0.000777372184046781	0.0085727063727458	1.7924639854444	0.0392399999999999	0.0242699999999999	2	0.01907	-0.0103199999999999
Motacilla_alba	42246	14126	0	0.517573299039163	0.0194232534082184	0.85118976889338	0	0.635910965481206	0.00142957653368826	0.0288691517416849	0.4685567861893	0.000849516291632725	0.00960986331254325	2.12433443462855	0.0209900000000001	0.0183	2	0.11124	0.07472
Patagioenas_fasciata	24805	13382	0	0.839451000339432	3.70027685450432e-06	0.878033606578717	0	0.605455543239358	0.00149904047877	0.0300709913812535	0.466528748136459	0.00088677918291276	0.0100868618739867	1.76924944966741	0.0455	0.0367	2	0.0459799999999999	0.0297199999999999
Terrapene_carolina	34138	15827	0	0.6923427000187	0.000717353032185345	0.798796373622312	0	0.562255435530106	0.00133847421222153	0.0283542796820096	0.463074051600675	0.000627531310727524	0.00586755363455673	2.02804658283778	-0.02583	-0.01039	2	0.0486	0.02712
Osmia_bicornis	24839	9753	0	0.653016449246976	0.00179850643702629	0.83497081922573	0	0.375931769795569	0.00146118525168954	0.0208232629996307	0.28350240236116	0.000848638279899608	0.0066012334013971	1.64709800003917	0.03225	0.0205299999999999	2	-0.02719	0.0202
Neophocaena_asiaeorientalis	38119	13614	0	0.615500550463	0.00386593142470095	0.864562307729036	0	0.614335475510741	0.00141469347783678	0.0272464828596885	0.463204895363582	0.000779647766027565	0.00777197827117168	1.79250789436636	0.00214999999999999	-0.00286999999999998	2	0.06834	0.03816
Ovis_aries	42391	15994	0	0.248400609974108	0.290960131061531	0.848643406907542	0	0.626418832825007	0.0013104596000441	0.0274665659873839	0.465580067081347	0.000704441767120595	0.00727485205985004	1.94412356448635	-0.000720000000000054	0.00945999999999991	2	-0.06121	-0.04146
Lamprotornis_superbus	14256	5739	0	0.640976470156997	0.00232404199899154	0.834556616014467	0	0.559257635791137	0.00183953786812235	0.019420199622222	0.431123328968253	0.000985500415026648	0.00546597589080359	1.95746952852216	0.0434300000000001	0.0341500000000001	2	0.05989	0.03731
Nematolebias_whitei	24104	16637	0	0.815651096212581	1.17073784286346e-05	0.365940715548766	0	0.631042015771667	0.000797259965159725	0.0105748673716974	0.388884076332055	0.000289531908386974	0.00132306878205084	1.80516247719453	0.01958	0.0215100000000001	2	0.05464	0.05433
Tetranychus_urticae	15684	10426	0	0.606962388603855	0.00454193941056154	0.115402945097886	1.2172556307335e-27	0.292661489821109	0.000381857150326046	0.00152026597281797	0.268143801695201	0.000412976764660838	0.00151038910097404	1.87674755799756	-0.00406000000000006	0.00441999999999987	2	0.08929	0.09985
Ixodes_scapularis	32572	9680	0	0.543265767034579	0.0133038756798684	0.415454032223266	0	0.729315487485474	0.00105333900205036	0.0107401831553675	0.451356629489522	0.000301896494579172	0.000788373918249009	1.76978148725655	0.03898	0.03689	2	0.0612900000000001	0.0671700000000001
Centruroides_sculpturatus	35529	18780	0	0.419706686318882	0.0654364077959156	0.257730955032547	1.26521257087022e-242	0.314761450222898	0.000793451477398347	0.0118232353383899	0.287769253409536	0.000404268505046191	0.00263143512219791	1.70476293956137	-0.01081	-0.00687000000000004	2	-0.02079	-0.01729
Eurytemora_affinis	30425	18252	14	0.332590235256314	0.151919490892926	0.136098169978343	2.17201339751929e-73	0.401360559051497	0.000561706079909895	0.0057587564212317	0.30468442114496	0.000210087182813409	0.000775303943902548	2.51394557823129	-0.01541	-0.01121	2	0.09889	0.10564
Tyto_alba	32967	13645	0	0.680301624791986	0.000964250741447269	0.872068897557989	0	0.564004632687955	0.0014270602503565	0.0277880555739233	0.455582243151083	0.000895050282448657	0.0103279746845724	1.92889040783777	0.03453	0.03067	2	0.05622	0.03685
Anser_cygnoides	31811	11447	0	0.571436570092795	0.00848795567952117	0.859631958682691	0	0.548305186574853	0.00154411930060117	0.027293132632656	0.442816014070668	0.000877194955618005	0.00840877898048678	1.96848237822917	0.02844	0.0223800000000001	2	0.03311	0.01996
Ursus_arctos	51919	15184	0	0.770332198900235	7.08133446976165e-05	0.860476778558312	0	0.621989497682759	0.00132397091505329	0.0266160181716444	0.468819107689218	0.00075769282013569	0.00809421347815129	1.9373383744837	-0.01634	-0.00325999999999999	2	-0.06472	-0.03426
Seriola_lalandi	38827	17151	0	0.706280606547366	0.000500470185153833	0.474193900310612	0	0.629359367482479	0.000662703257531838	0.00753230084497531	0.382706090451679	0.000238105595225845	0.000931373541122188	1.85470263531894	0.0371699999999999	0.0412199999999999	2	0.0228200000000001	0.0273000000000001
Balaenoptera_acutorostrata	37625	14941	0	0.584870527120854	0.00675553366316515	0.855084733215684	0	0.613752520648779	0.00136451739500544	0.0278187632635315	0.458853906499773	0.000763490129938045	0.0082068909562819	1.65960783768482	-0.02772	-0.03008	2	-0.01247	-0.01279
Podarcis_muralis	50554	18199	0	0.630193166218652	0.00289807237295818	0.727855468943293	0	0.576453835070117	0.00103050759201805	0.0193263533832674	0.444898014737865	0.000282978881882566	0.00136331173524541	1.79189209158621	-0.00296000000000002	-0.00474000000000002	2	-0.0295099999999999	-0.0180999999999999
Anas_platyrhynchos	45225	13825	0	0.70632610221742	0.000499866014723342	0.874831497872031	0	0.606253826910777	0.00156452806100839	0.0338401168421628	0.465937116801763	0.000952963450878145	0.0118893602223859	1.96852204151859	0.0595599999999999	0.0521599999999999	2	0.0904400000000001	0.0564800000000001
Odocoileus_virginianus	48221	16570	0	0.335464484046992	0.148195205691291	0.842032782542943	0	0.62549133099495	0.00126030076605392	0.0263190924065798	0.461986697566667	0.000699909856373819	0.00752005281201258	1.82466872178683	-0.00484000000000001	0.000690000000000024	2	-0.03765	-0.01748
Diabrotica_virgifera	28061	11963	0	0.4909644122023	0.0279382303249872	0.0712378880325711	1.13200493586965e-13	0.339228635155333	0.000659991584259424	0.00521094990654132	0.323522063423917	0.000246308086509304	0.000657455577501404	1.97519059188347	0.03581	0.03873	2	0.10835	0.1149
Trachemys_scripta	42076	10275	0	0.619963434595537	0.00354719581047689	0.744987492085727	0	0.530779133022005	0.00149681345701789	0.0230206291455038	0.446835151606343	0.000635474218931314	0.00398577725648321	1.95994275618183	0.0268	0.02118	2	-0.05826	-0.02644
Glossina_fuscipes	22320	10545	0	0.654096564627712	0.00175668154305007	0.141168604579695	5.81418217933011e-42	0.353142751045691	0.000360396261946108	0.00136964223501276	0.292031026946972	0.000530732827324873	0.00257847431543832	1.97943970598433	0.0653499999999999	0.0663799999999999	2	0.02034	0.0257000000000001
Ceratosolen_solmsi	12833	8814	0	0.551952477211245	0.0116290881658603	0.797218997801938	0	0.383188761604331	0.00191272989348393	0.0322463331787939	0.238026667074933	0.000806789197931692	0.00548260490578149	1.59931972789116	0.0273600000000001	0.00763999999999998	2	-0.08711	-0.05549
Bombus_vancouverensis	24285	9485	0	0.77161858170023	6.76677827720789e-05	0.835807091476622	0	0.354122255540163	0.00146573072372408	0.0203772567691358	0.271756406866297	0.000855584007991165	0.0065874839285773	1.65141633392407	0.0332600000000001	0.0235400000000001	2	-0.01982	0.01595
Peromyscus_maniculatus	45588	13043	0	0.627649949432904	0.00304938785584446	0.813494887865314	0	0.604362149189772	0.00112202934725388	0.0164204829730988	0.46518958039827	0.000589984276564603	0.00427026318680854	1.90729945287738	0.0420600000000001	0.0333100000000001	2	0.02906	-0.00292999999999999
Equus_asinus	42247	16347	0	0.656865733785723	0.00165315969358844	0.861418816331094	0	0.614878103071319	0.00126310603195436	0.0260806061535937	0.462612210371877	0.000727780205922293	0.00808320273332696	1.88015398507137	0.02825	0.02572	2	-0.00164999999999993	0.00201000000000007
Gorilla_gorilla	51654	16271	0	0.734543311948672	0.00022586532984657	0.827924188522497	0	0.595210324552673	0.00128572478798424	0.0268973985974424	0.45785762278756	0.000660171446860051	0.00647899435928	1.79879085112712	-0.00405999999999995	-0.00544	2	-0.00564999999999993	-0.00486999999999993
Vicugna_pacos	44159	15184	0	0.596689408945182	0.00548184311523922	0.841886534629618	0	0.621348037936094	0.00125880444120605	0.024060393624302	0.45752217165892	0.00075230977909537	0.00807412807310553	1.99042418338227	0.01931	0.01919	NA	NA	NA
Pan_troglodytes	80811	16719	0	0.601357979858567	0.00503660981562505	0.82588887218766	0	0.597128268666949	0.00124490280856792	0.0259108220234837	0.461965179462085	0.000663824231287707	0.00669366504657923	1.72830359611622	0.00492999999999999	-0.00342999999999999	2	-0.00267000000000006	-0.00232000000000004
Struthio_camelus	25438	11749	0	0.699486332713801	0.000597950996355915	0.85343139614845	0	0.512264731245735	0.00127774960476294	0.0191819349724919	0.430076317392028	0.00071967931006966	0.00580867813927437	1.86465351641822	0.02748	0.02567	2	-0.023	-0.01614
Vespula_vulgaris	15512	10878	1	0.513211201231956	0.0206552138377814	0.811618123572831	0	0.338924313811164	0.00119658688165153	0.0155753397585744	0.268135009888477	0.000845212051803837	0.00730171285931022	1.85164502164502	0.00311000000000006	6.000000000006e-05	2	-0.0528	0.00533
Vespula_pensylvanica	18491	8921	0	0.646971897876048	0.00204827763030024	0.812300638429696	0	0.311657896261974	0.00121949358418125	0.0132669954131862	0.244572548575572	0.000812842074483527	0.00558962553390878	1.98542114451205	0.03558	0.04166	2	-0.02844	0.01064
Arvicola_amphibius	40754	15195	0	0.662398075558497	0.00146160404954372	0.78441229235389	0	0.598718803895018	0.000945514055387262	0.0135842818156653	0.457490596846206	0.00048291534412426	0.00319797073937662	1.83026296093993	0.03041	0.0289	2	0.00368999999999997	-0.00137000000000004
Oenanthe_oenanthe	13570	2519	0	0.486890989077205	0.0294671199442664	0.815538024489026	0	0.580025206466701	0.00302317261893177	0.0230225835906403	0.427347812293353	0.00159165354370905	0.00582419694636042	2.04718152218152	0.07159	0.05226	2	0.11517	0.07144
Chelonus_insularis	19220	9875	0	0.703738541704371	0.000535228590884381	0.527712388718295	0	0.249845990784456	0.000579323324347643	0.0033142032020654	0.213583592385829	0.000517885988430717	0.00247768607660481	1.82433862433862	0.03411	0.0331699999999999	2	0.06478	0.07157
Branchiostoma_floridae	43041	16223	0	0.828058066241933	6.5625488699632e-06	0.317505850668571	0	0.626301856352316	0.000694698221259656	0.00782931095089384	0.388667154073564	0.000221637497198912	0.000741219665503618	1.8357157024234	0.06707	0.0656	2	0.00761000000000001	0.02537
Cloeon_dipterum	30082	13879	0	0.829187721417719	6.21168061183286e-06	0.38025795241821	0	0.60968720423209	0.0010247660471304	0.0145749687193042	0.326345418427782	0.000515983633481977	0.00355695450988408	2.12730047730048	0.09158	0.06878	2	0.05226	0.0380199999999999
Gymnodraco_acuticeps	45727	20527	0	0.576156490538107	0.00784220749666154	0.28470517655848	0	0.639072787397702	0.000681403388950536	0.00953090324432093	0.383604175364504	0.000258364106850843	0.00127790051215392	1.79332123400599	0.02601	0.02513	2	0.0310199999999999	0.0364599999999999
Pseudochaenichthys_georgianus	37944	17306	0	0.696240601503759	0.000649924405497341	0.368127412194559	0	0.653793299322216	0.000718134278359266	0.00892499566340484	0.390047428421644	0.000279956945226779	0.00128857802690205	1.8858015375155	0.01481	0.02052	2	0.02942	0.04269
Molothrus_ater	28498	13616	0	0.730245904253911	0.000256489393868494	0.849976468829737	0	0.638029653258011	0.00147149393417139	0.0294826485272961	0.466047110134574	0.000854494629774406	0.00941323654426305	1.96886544827721	0.04669	0.04225	2	0.05001	0.0316
Zerene_cesonia	17465	9777	0	0.833146486831912	5.10752068498453e-06	0.620350829117319	0	0.476830142311754	0.00161119071409655	0.0253804615515758	0.298580925570914	0.000439103614495887	0.00171602665994384	1.71024569925772	0.06209	0.05595	2	0.07389	0.08575
Osmia_lignaria	25907	9839	0	0.689940596514056	0.000761784604515744	0.828035106709924	0	0.378881022138378	0.00144874800625756	0.0206507896598653	0.28384239430306	0.000840095724735957	0.00651276090896877	1.85108481262327	0.05357	0.06359	2	-0.03832	0.00543000000000005
Bombus_vosnesenskii	24067	9393	0	0.738288858546377	0.000201778330682777	0.832414299175474	0	0.351345966404046	0.00146312536509799	0.0201079316886974	0.270598518155411	0.000859170400979256	0.00657269931858948	1.67283272283272	0.05192	0.03759	2	-0.0717	-0.01942
Bombus_bifarius	23896	9752	0	0.764358301836461	8.71269627187963e-05	0.83494953772378	0	0.357722647507467	0.00144914740187845	0.0204794749320026	0.27325052507724	0.000846799452340662	0.00660922785316914	1.64988932635991	0.0366099999999999	0.0261499999999999	2	-0.01903	0.01928
Arvicanthis_niloticus	41473	16596	0	0.607452400754864	0.00450066917208958	0.775904676170816	0	0.590261193689249	0.000904502222277551	0.0135775903866631	0.450554402955833	0.000462250678499146	0.00323462259178248	1.89116882115934	0.04656	0.03222	2	0.03652	0.01729
Anneissia_japonica	32774	16086	0	0.559067125909546	0.01038831681086	0.0180052074940883	0.0300429870668392	0.383889314694515	0.000405034448558702	0.00263895502209669	0.326527038640234	0.000235473227761297	0.000805044299567546	1.93795517288896	-0.00349999999999995	-0.00227999999999995	2	0.00764999999999999	0.00649
Oxyura_jamaicensis	39795	11975	0	0.778578609799076	5.26508825562483e-05	0.857455160376467	0	0.576308928069388	0.00159794870251794	0.0305774446691481	0.455186068479092	0.00097405045587502	0.0108824411130711	2.16951697843485	0.02274	0.02408	2	-0.01584	-0.00603999999999999
Ignelater_luminosus	27558	15040	0	0.616950246578062	0.00375989448304515	0.327039510640009	9.68368665848843e-322	0.273260641563833	0.000494564218956081	0.00367869025074145	0.276549787588431	0.000513242862708079	0.00342522732427856	1.9125388740037	0.0251	0.03912	2	0.03384	0.07659
Belonocnema_treatae	25246	11025	0	0.743874524478574	0.000169951058855758	-0.0554062020776019	1.50189856884622e-08	0.393729671699022	0.000744551243620208	0.00611178101199979	0.273952085321867	0.000433700979642201	0.00196128261989614	1.89923006306435	-0.00497999999999998	-0.01019	2	0.12245	0.13388
Stegodyphus_dumicola	29944	13362	0	0.56390977443609	0.00960697153757661	0.340777997279136	2.60866661004178e-320	0.319365037569961	0.000710092868139509	0.00673754639903423	0.321032983621875	0.000201468896539136	0.000481475214426732	1.86989199352308	0.01299	0.0143	2	0.05855	0.06058
Odontomachus_brunneus	29175	10957	0	0.751618891842897	0.000132992443824246	0.704352975920124	0	0.505117142337356	0.00142415105942528	0.0222230557723608	0.315757082141286	0.000725222128262166	0.005405158709695	1.76690178295987	0.03489	0.0393600000000001	2	-0.0536	-0.0228699999999999
Eudyptes_filholi	12955	3462	0	0.712188185707682	0.000427021840580816	0.872864595831952	0	0.567044520991104	0.00285794012935326	0.0282769990126343	0.450365220667317	0.00174662659532499	0.00956090778859823	1.74614656177156	0.00963000000000003	0.01427	2	0.04227	0.03165
Chiroxiphia_lanceolata	39412	2629	0	0.670228008042226	0.00122260454610763	0.862897865513652	0	0.608336180112012	0.00317867931621161	0.0265634217714739	0.459463578928575	0.00176248395436671	0.00798331870175828	2.01484626484627	0.02532	0.02898	2	0.01768	0.00561
Cyclopterus_lumpus	38625	17428	0	0.583678115740954	0.00689648702271959	0.442170880765195	0	0.675550215387345	0.000799627405796068	0.0111435327046094	0.39936774431707	0.000309006778271327	0.00158619995996079	1.9232145607042	0.03444	0.0315	2	0.0112300000000001	0.02328
Notolabrus_celidotus	39434	19277	0	0.587660061016629	0.00643499300820501	0.451964340825748	0	0.625577109477089	0.000629005325552605	0.00762690070467911	0.385866883418846	0.00023846977940689	0.00104181874984759	2.01694257285676	0.02208	0.0255	2	0.00733000000000006	0.00921000000000005
Pecten_maximus	39918	19083	0	0.738149193159172	0.000202635323442418	0.161958338036267	1.66596102312889e-101	0.452776131717149	0.000432816806181358	0.00357482578872777	0.346452369110958	0.000242297710795218	0.00101066133000342	1.90309983941147	0.03131	0.02462	2	0.01605	0.02241
Photinus_pyralis	32294	13057	0	0.682487085958149	0.000914762299736174	0.499353966142113	0	0.444640502784573	0.000933231383024522	0.0113716130718171	0.343159736883531	0.000455969068748668	0.00248470601807521	2.14301750221105	0.04135	0.03527	2	0.00130000000000002	0.01941
Camarhynchus_parvulus	28897	13836	0	0.783814301679431	4.33381544382343e-05	0.845549017373767	0	0.646401153269985	0.00149298193849123	0.0308403757699942	0.467184755264655	0.000857509777913557	0.00963640816684348	1.92230255738659	0.0518000000000001	0.0461100000000001	2	0.06813	0.06257
Asterias_rubens	24049	15118	0	0.632016186665438	0.00279349634106985	0.116877949933434	1.15056622534524e-42	0.499600854162394	0.000603495327533004	0.00550607553533431	0.37531772132541	0.000194917955363296	0.000517844717072595	1.87356479262611	0.02038	0.02115	2	0.00436000000000003	0.00470000000000004
Gopherus_evgoodei	50852	13953	0	0.687476543540247	0.00080975921416633	0.809233574013031	0	0.563369288591759	0.0013761452088351	0.0264238514463144	0.468925281345477	0.000691060322086766	0.0063086253113548	2.00044658598819	-0.00705999999999996	0.00228	2	0.0126000000000001	0.0164800000000001
Archocentrus_centrarchus	41106	17605	0	0.654862261274555	0.0017275281255352	0.423891821166917	0	0.598289613495937	0.000626788542333719	0.00691636855107858	0.392687159000882	0.000229694033851794	0.000887412253327176	1.68084503282569	-0.01486	-0.01029	2	0.0452900000000001	0.0540200000000001
Dermochelys_coriacea	55150	13791	0	0.712834477713576	0.000419574296156009	0.811176030211977	0	0.5618710540685	0.00139578625718955	0.0268678920319954	0.459469447653804	0.000677891248029669	0.00601763104571263	1.84768953751823	0.02711	0.02477	2	0.05625	0.0366900000000001
Thrips_palmi	27217	13092	0	0.605125887000538	0.00469940664483682	0.829037246786255	0	0.608827361820902	0.00211714990799777	0.0586825823115848	0.434729827643284	0.00114045082035528	0.0162149301941823	1.7087904668631	0.05614	0.05312	2	0.03247	0.07346
Eumeta_japonica	96513	12592	0	0.806043474876073	1.78130551022774e-05	0.472832455162025	0	0.491692535796368	0.00134115012710189	0.0226490246898528	0.31052207727743	0.000434220807234202	0.00202933899665022	1.83406477597996	0.02431	0.0173	2	-0.08122	-0.03963
Nylanderia_fulva	24514	10826	0	0.715535641153413	0.000389631111362199	0.643108193445623	0	0.443668112290827	0.00137469397394588	0.0204587964092056	0.249605751511996	0.000638097072634207	0.00417509938106594	1.99104053354053	0.03256	0.0380800000000001	2	-0.02876	-0.00698999999999997
Varanus_komodoensis	18293	11425	0	0.699323565549813	0.000600470669210685	0.798618330981029	0	0.538940001046222	0.0013556887366665	0.0209979155370263	0.445452153473226	0.000661947350541492	0.0048558475359588	1.71873599354476	0.03738	0.03299	2	0.05772	0.03766
Anarrhichthys_ocellatus	41887	19823	0	0.672448627952718	0.00116114963818874	0.372547977744071	0	0.661462511726756	0.000638601798554852	0.00808406237284005	0.394792237007966	0.000231025697750043	0.00100330326704677	1.72490930908958	0.01374	0.02184	2	0.01869	0.02494
Cottoperca_gobio	37849	15695	0	0.533834586466165	0.0153370468002174	0.349059951857093	0	0.633850589517044	0.000670743393289528	0.00706112870087413	0.381858853216481	0.000270397976205386	0.00109694532823613	2.03070001942824	0.01856	0.02037	2	-0.00222	0.01023
Phyllostomus_discolor	46999	747	0	0.559224583672166	0.0103621250284247	0.900209058141176	4.40562708103459e-261	0.586116355405495	0.00584364280402716	0.0255086764321306	0.447948936485252	0.00324024367587626	0.00754890975784134	1.80018315018315	-0.00686000000000003	0.00922999999999996	2	-0.18283	-0.10835
Onychomys_torridus	43242	15869	0	0.581640495730927	0.0071429248489124	0.782552957779686	0	0.599727831585797	0.000966216595904587	0.0148148939023868	0.459201125287047	0.000495475418699007	0.00361173554155027	2.01349183860869	0.0414	0.03618	2	0.04706	0.0183
Suricata_suricatta	43269	15177	0	0.60489749450816	0.00471930096325168	0.856818231480344	0	0.629399373266373	0.00129169569004211	0.0253224868978547	0.475265898324433	0.000782902106948385	0.00879378861794438	1.86598390141024	0.0475899999999999	0.0306799999999999	2	0.06436	0.01133
Strigops_habroptila	43613	1939	0	0.689006805467952	0.000779674238294545	0.799479037410907	0	0.54816771001209	0.00339292901803652	0.022321704636261	0.438257625025917	0.00178122232347979	0.00587276573944174	1.89705374180126	0.07254	0.06218	2	0.11442	0.0618799999999999
Drosophila_guanche	22824	12307	2	0.868356569649938	6.92574136425392e-07	0.465498220285487	0	0.663044915404768	0.000880342040987316	0.00953795095705938	0.405747089913671	0.000643502581308645	0.0042573165772833	2.03272305213243	0.10389	0.10787	2	0.0724499999999999	0.0901699999999999
Marmota_flaviventris	37627	13726	0	0.511681789879658	0.0211015827360575	0.87594585198596	0	0.584069235279925	0.00137155899120849	0.0258209952349239	0.443026177926374	0.000790700585200677	0.00793013085739902	1.73541115502023	0.03513	0.03347	2	0.08867	0.0377
Electrophorus_electricus	45294	19578	0	0.32781954887218	0.158243868264064	0.680208596446734	0	0.611641079586887	0.000739250805878572	0.0106992155596577	0.399653122321094	0.000343033633348684	0.00219328977998696	1.791957637418	0.01798	0.01234	2	0.00195000000000001	0.00818000000000002
Apteryx_rowi	37618	12049	0	0.791248800021371	3.25709010707523e-05	0.875767245951464	0	0.557660190617164	0.00162108509104618	0.0316637703956948	0.453367195486588	0.00103533172320261	0.012321625877416	1.70545928430544	0.02838	0.02413	2	0.05847	0.03407
Ceratotherium_simum	33629	14482	0	0.610463317239399	0.00425382530035651	0.867867534026343	0	0.611450144477902	0.00139412613537567	0.0281470368011297	0.459226817838503	0.000777563295486652	0.00823894795375682	1.7626976284585	0.0205	0.0127999999999999	2	0.00168000000000001	-0.00684000000000001
Micropterus_salmoides	47899	22576	0	0.803779307811814	1.95998007885902e-05	0.363068419956359	0	0.609637112852074	0.000594452271894284	0.0079777602163768	0.384471267410459	0.000217858728891288	0.00101099713098868	1.76398844760283	0.03334	0.03809	2	0.02174	0.02027
Drosophila_subpulchrella	25688	12515	0	0.856928682647573	1.40249024033628e-06	0.38801194559232	0	0.668159552476478	0.00106247120904595	0.0141274960516953	0.34392538904369	0.00068580304890809	0.00492101907445215	1.95457618560142	0.14037	0.12142	2	0.14966	0.12077
Molossus_molossus	42753	12553	0	0.597513816822547	0.00540094910724073	0.86118470473148	0	0.601658710085492	0.00143405123372421	0.0258152814176943	0.458699579682226	0.000740913940781958	0.00642604929225296	1.65872858585409	-0.00842999999999994	-0.00209999999999994	2	-0.05024	-0.0173899999999999
Pipistrellus_kuhlii	53802	15213	0	0.617596868718971	0.00371338138860357	0.865081709737889	0	0.671252184039774	0.00153431812047904	0.0358134115586537	0.483298878527278	0.000869148443988264	0.0105924854660102	1.69675000244853	0.03122	0.0176500000000001	2	0.043	0.0243700000000001
Arctia_plantaginis	18801	12279	0	0.837545320241557	4.08472411016861e-06	0.278283914423775	3.14378720334713e-194	0.446252716829334	0.00109373817552879	0.0146889157911626	0.342042507075243	0.000397283028441364	0.00173112116981296	1.96224814339624	0.08065	0.08617	2	0.07899	0.10047
Contarinia_nasturtii	24963	13475	0	0.784554521782134	4.21438979184583e-05	0.14687986793891	9.080438287465e-62	0.346508881013763	0.00037201602155097	0.001864885025916	0.270266725075863	0.000394374167358125	0.00196171229967106	1.94626619878721	0.0959800000000001	0.0930800000000001	2	0.12221	0.12519
Talpa_occidentalis	39507	17743	0	0.718163101259667	0.000362269718912035	0.873362877363973	0	0.623711376535041	0.001336354486321	0.0316862179045153	0.476341141042	0.000865186195799928	0.0120980190932953	1.98051481397768	0.02022	0.02699	2	-0.01315	-0.00172999999999995
Grammomys_surdaster	38183	16374	0	0.643534451704081	0.00220281949877907	0.785324339818779	0	0.587454628637964	0.000909418313113295	0.0135419802755298	0.450343703091016	0.000461376176534608	0.00319642553172579	1.83961533343652	0.03301	0.02935	2	-0.00678000000000001	-0.00348999999999999
Pipra_filicauda	35857	14298	0	0.675476507503825	0.00108156237204403	0.867327988553764	0	0.62280890558288	0.00144274997684983	0.0297616801335214	0.467257823239199	0.000864880003325337	0.0100937470675316	2.08318913142914	0.04142	0.03311	2	0.07833	0.05243
Cyanistes_caeruleus	31326	13080	0	0.552120472966851	0.0115984683536471	0.834374147950679	0	0.586634790789542	0.0013831275653229	0.0250225875543853	0.443059283823274	0.000767940474683739	0.00727317181858477	2.10419501133787	0.01503	0.00949999999999995	2	-0.0138699999999999	-0.00145999999999996
Paramormyrops_kingsleyae	55288	21153	0	0.761337122777819	9.65410403515868e-05	0.653145615021079	0	0.673835096896751	0.000703791592003322	0.0104775590630271	0.425269702318607	0.000325013321943377	0.0021176379708071	1.68226202222663	-0.00314999999999999	0.00498999999999999	2	-0.00823000000000007	0.00337999999999994
Melanaphis_sacchari	19074	10478	0	0.783196303515407	4.43574829189784e-05	0.633262775335895	0	0.330689588015136	0.0015395595330495	0.0248354119777099	0.218701938332933	0.000474393751151004	0.00215799899511631	1.84507334402292	0.07068	0.06052	2	0.06504	0.06574
Piliocolobus_tephrosceles	55454	14508	0	0.72186722716718	0.000326486152330497	0.861989114150791	0	0.558594460350721	0.00155011651104125	0.0348607102577216	0.445309024625308	0.000866781129058531	0.00993306323917368	1.71010146566667	0.00750000000000001	0.00448999999999999	2	0.0813299999999999	0.0384399999999999
Mastomys_coucha	54407	17436	0	0.558525007881176	0.010478904976076	0.772551873093945	0	0.591108725355391	0.000886141675833857	0.0136915679064111	0.451054687668122	0.00045010207541976	0.00323134045883994	1.73235645965602	0.01497	0.00614000000000009	2	-0.026	-0.00304000000000004
Acanthochromis_polyacanthus	36596	20139	0	0.481203007518797	0.0317110446244624	0.192154333578694	3.85345539667345e-158	0.635778848934507	0.000660147886905614	0.00877648018904839	0.379625150215271	0.000212111458543269	0.000858613412812712	1.80020201373151	-0.00706000000000001	-0.00412000000000001	2	0.01673	0.01495
Mus_pahari	42226	13748	0	0.567551210774164	0.00905149901003436	0.792978192765182	0	0.598932405260889	0.00101192509231712	0.0140778474115541	0.456381106355119	0.000503536488435944	0.00326951429292865	1.79120513378825	0.0325599999999999	0.0325599999999999	2	-0.01403	-0.01292
Miniopterus_natalensis	29787	14317	0	0.534049112841949	0.0152881792749048	0.846864683377112	0	0.610414718821343	0.00132085925183751	0.0249784284090295	0.455084846350146	0.000737134005508979	0.00735989981244259	1.73197144735606	0.02363	0.02084	2	0.00402999999999998	0.00907999999999998
Myotis_myotis	61156	15104	0	0.611908119856086	0.00413941486351589	0.846780620735255	0	0.640492901794382	0.00141057278297263	0.0300526640608577	0.479158307925019	0.000771059332497851	0.00823427504511364	1.67167264108441	0.01908	0.01604	2	0.0124599999999999	0.00650999999999996
Sturnus_vulgaris	26611	11297	0	0.91069486824102	2.47253609710913e-08	0.856438306109983	0	0.614313674845674	0.0015618756245665	0.0275585284063495	0.45707713812876	0.000899163686948704	0.00871800520730285	1.93373293373293	0.06464	0.04847	2	0.11089	0.0737299999999999
Octopus_bimaculoides	23994	3759	0	0.700751879699248	0.000578664102019436	0.274991727896659	6.75123370586616e-60	0.336907602354958	0.000949311338726186	0.00338758079503839	0.358019915073235	0.000374717460651545	0.00047614107750043	1.76613783079362	0.01146	0.00443999999999994	2	-0.01987	-0.00919000000000003
Lynx_pardinus	31025	15954	18	0.365211247899619	0.113336848210382	0.862455489952434	0	0.604566393610437	0.00127917522632192	0.0261053588482283	0.465123248342183	0.000725303258439689	0.00797987720457131	3.19751956181534	-0.00145000000000001	0.01234	2	-0.07819	-0.03586
Lynx_canadensis	42066	1795	0	0.641325211205879	0.00230719453281466	0.871512286838956	0	0.551647317724103	0.00358588025348561	0.0230810742602467	0.433578203646213	0.00177534593042354	0.00539912448478618	1.84536882593132	-0.00684000000000001	-0.00894	2	-0.14149	-0.09071
Calidris_pugnax	30889	12154	0	0.572948307050712	0.00827657622860123	0.870406305129508	0	0.591946960749988	0.00146287939409389	0.0260097559427104	0.457296906085521	0.000841699524174146	0.00823015761985474	2.18668604462464	0.0452500000000001	0.0414800000000001	2	0.0286299999999999	0.0222099999999999
Nicrophorus_vespilloides	19577	10677	0	0.735297463192973	0.000220827325488542	0.579668656804636	0	0.51932822619518	0.0011991208022911	0.0153523589877483	0.265677776406357	0.000610318832318608	0.00364629557556304	1.97752614428016	0.10521	0.09318	2	0.08919	0.0721
Dinoponera_quadriceps	22408	9613	0	0.728859447897416	0.000267096657478177	0.737211488054435	0	0.578026656969733	0.00156196243856643	0.0234530923777005	0.354682791724659	0.000772673890189559	0.00540128463743329	1.70689229071582	0.00749999999999995	0.00224999999999997	2	-0.06668	-0.04155
Gekko_japonicus	24464	14578	0	0.604966311213022	0.00471329932255597	0.787045589504473	0	0.572450073050086	0.00120425916414117	0.0211416006795453	0.459268318445997	0.000389183876997024	0.00206475847643997	1.80257817480741	0.01135	0.01657	2	-0.01179	-0.000429999999999986
Pantherophis_guttatus	41701	16402	0	0.741418245821552	0.000183372670671642	0.760927342379919	0	0.513789551406433	0.00112837138949287	0.0208833871230527	0.411069399988618	0.000473529063242836	0.003438563580236	1.98178938241964	0.01149	0.01195	2	0.03924	0.03497
Hermetia_illucens	24828	10870	0	0.904639409801862	4.36244108844205e-08	0.144644673827508	4.02235994173736e-48	0.426604058160408	0.000766026950801843	0.00637848653528635	0.395308256459635	0.000544931185758243	0.00298434747197944	2.13576012088598	0.12606	0.1148	2	0.15127	0.16864
Scaptodrosophila_lebanonensis	19800	10830	0	0.874392062749156	4.64510850384983e-07	0.367969640613246	1.91463785391836e-299	0.545020079626311	0.000792345444098947	0.00679919640915459	0.336186217899144	0.000558345878218353	0.0029320098759988	2.00169182382805	0.10871	0.10885	2	0.08651	0.08815
Zootoca_vivipara	44296	17514	0	0.595104633451366	0.00564014940700816	0.742554389170816	0	0.567960599025906	0.00102979933655491	0.0185733636008863	0.441648855836663	0.0002913632640182	0.00138298455843066	1.82244986139086	0.02307	0.02701	2	-0.000920000000000032	0.00403999999999993
Manis_javanica	55869	16258	0	0.564532321355152	0.00951009122254488	0.838389313539113	0	0.611354455895179	0.0012258955908245	0.0244328475535447	0.458147217630987	0.00074760914661454	0.00848327920115191	1.79608852685776	0.03117	0.02582	2	0.000390000000000001	-0.01287
Sander_lucioperca	56557	19845	0	0.746707288164591	0.000155525179777909	0.406458872957077	0	0.619936727642555	0.000645091930767251	0.00825836972495353	0.386290494287631	0.000219558756798529	0.000907671671896937	1.93852499108511	0.03644	0.03571	2	0.0145500000000001	0.0224100000000001
Colossoma_macropomum	43618	17624	0	0.758931982967297	0.000104648193626729	0.437785944433402	0	0.60182086071309	0.000698616273345067	0.00860165222667005	0.376207991136958	0.000185399086474146	0.000579147665501532	1.67912361811191	-0.00563000000000002	-1.000000000001e-05	2	0.01944	0.02697
Perca_fluviatilis	49921	21815	0	0.70853709410822	0.000471241544220902	0.38750816001789	0	0.621062901886193	0.000640750612777799	0.00895639580171436	0.386177421255296	0.000204798967210313	0.000860201131446159	1.95376284288246	0.03042	0.03135	2	0.03574	0.03107
Periophthalmus_magnuspinnatus	27511	421	0	0.622272561409414	0.00339103799188676	0.460737702481591	8.83094319627048e-23	0.582416298635827	0.00458903911632246	0.00886595688468893	0.36497007693479	0.00158353916930564	0.00102059169439516	1.77203224597898	0.0231299999999999	0.02318	2	0.0400700000000001	0.0479200000000001
Ophiophagus_hannah	18445	9772	0	0.661129890285997	0.00150377874922519	0.757141854427614	0	0.498653110111688	0.00131645957342584	0.0169355190803155	0.403108010249769	0.000673553148162087	0.0041411348425466	1.81253127214666	0.02554	0.026	2	0.0133	0.01712
Crotalus_tigris	51661	15962	0	0.719509479221801	0.000348895145547798	0.774482205440448	0	0.51412146300834	0.00118288762749614	0.0223343997492425	0.410636215484957	0.000498397464441952	0.00372798768869301	1.77550609615827	0.0117	0.00538000000000005	2	0.03735	0.0257000000000001
Thamnophis_elegans	30876	14328	0	0.638495112120934	0.00244690558293717	0.760623917026483	0	0.520150987663486	0.00126467985668903	0.022916420124702	0.418459270923561	0.000535713005448887	0.00387807457631026	1.750754292403	0.00570999999999999	0.00536999999999999	2	0.0315	0.0153199999999999
Naja_naja	25817	12093	0	0.654096564627712	0.00175668154305007	0.74905431466158	0	0.51782958694151	0.00133206249835848	0.0214577043108532	0.414108460609336	0.000612971798187794	0.00425406516407964	1.85352425352425	0.00322	0.01283	2	-0.03271	-0.0165
Aquila_chrysaetos	52413	14807	0	0.6305095926567	0.00287969078033109	0.881201451013337	0	0.590959685706277	0.00142713564602291	0.0301576560648737	0.471498268568165	0.000937248329066004	0.0123481527872474	1.93851242432321	0.05094	0.04688	2	0.0881099999999999	0.0360499999999999
Catharus_ustulatus	36071	15352	0	0.514525786708304	0.020277576909566	0.803202256037564	0	0.634777366858969	0.00137361165219819	0.0289662913236307	0.46659540187182	0.000773269555293418	0.00863912099271589	1.99706105859952	0.04396	0.04118	2	0.01838	0.0168599999999999
Corvus_cornix	36899	13353	0	0.735180759073148	0.000221600609666462	0.860142863105819	0	0.610298812749211	0.00142065480811958	0.0269498268994257	0.461129832665424	0.00083518277193187	0.00879794920131361	1.86271812428675	0.04667	0.03099	2	0.04453	0.02949
Hirundo_rustica	37939	13225	0	0.713231383438303	0.000415055545828353	0.863151422059581	0	0.628473058628604	0.00148336926145017	0.0291000832379062	0.469217227751898	0.000876967264828397	0.00963108344117986	2.01795897102803	0.0608000000000001	0.0480100000000001	2	0.05062	0.03169
Panthera_leo	53278	16885	0	0.708051366730663	0.000477407543368606	0.855095835023082	0	0.622915259307933	0.00126171142147999	0.0268794967818063	0.470779518064197	0.000746277763044029	0.00850377179860616	1.89939276277415	0.00727	0.01376	2	-0.0410299999999999	-0.0154399999999999
Pteropus_giganteus	53198	14450	0	0.668679297078543	0.0012670661160696	0.869913209630168	0	0.60841374595242	0.00136911336625291	0.0270861118694766	0.450110625303318	0.00084689508103304	0.00974143522157124	1.8135675727781	-0.00302999999999998	0.00194	2	-0.00562999999999991	-0.00281999999999988
Myotis_brandtii	40808	14902	0	0.323530883804908	0.164082669310644	0.849381151669193	0	0.617338807473959	0.00136467050253912	0.0277523758006166	0.469007930638254	0.000767092644205007	0.00820214144849562	1.69696850331041	0.02018	0.0157	2	-0.02818	-0.00550999999999996
Phascolarctos_cinereus	46908	12656	0	0.85520751103675	1.5515977736593e-06	0.813168568504124	0	0.542467934751014	0.00121948099352175	0.0188211665569055	0.42613552019306	0.000609613210988257	0.0044509917539957	1.8472458439726	0.00741000000000003	0.00163000000000002	2	0.0133800000000001	0.02002
Trichechus_manatus	36406	12646	0	0.737674538710987	0.000205571135198273	0.862288050334853	0	0.578493767191976	0.001414477607863	0.0253014453371822	0.441318688316846	0.000707343758321714	0.00593947906941592	1.95599649461152	0.01337	0.0141600000000001	2	-0.1032	-0.0349599999999999
Caenorhabditis_elegans	28350	16605	0	0.818833843748904	1.01337770085397e-05	0.24390479167439	4.51900511666831e-219	0.409482122268339	0.000696268230587731	0.00804992879941242	0.294053571347438	0.000440101710448861	0.00315268424444479	2.25626053554301	0.20624	0.19199	2	0.21552	0.24797
Meriones_unguiculatus	38763	15681	0	0.658374036274323	0.00159896022146396	0.81383235036708	0	0.617002332039342	0.00106960212175727	0.0179398276469437	0.463900916643217	0.000561161906243571	0.00461426904358222	1.89165028208506	0.0144500000000001	0.0159200000000001	2	-0.0314300000000001	-0.0199
Bactrocera_oleae	18715	9825	0	0.846386502017462	2.55404507247769e-06	0.425689747705879	0	0.414911077363353	0.000843494432819326	0.00699031908178746	0.280976020474467	0.000632913823968028	0.00351308579815742	1.95631901304031	0.0791200000000001	0.0744000000000001	2	0.04716	0.07414
Gigantopelta_aegis	33249	15600	0	0.561113240132412	0.0100521198290716	0.360536478635553	0	0.501636245642009	0.00077979385867639	0.00948602400765884	0.363280849991154	0.000228497536349527	0.000739988262121626	1.76430508739865	0.03054	0.03036	2	0.0101399999999999	0.0187899999999999
Acinonyx_jubatus	56261	8880	0	0.667421145870772	0.00130418038684656	0.871618058860138	0	0.608550252725907	0.00172953231531617	0.0265625844239393	0.463855342832306	0.00098404232767285	0.00820183389346075	1.77360733767191	0.06106	0.03482	2	0.17976	0.0693
Neomonachus_schauinslandi	28381	14085	0	0.696536934489459	0.000645025783651885	0.865311655650833	0	0.616641784863771	0.00141147125819627	0.0280608569225789	0.468446424278589	0.000790821798498197	0.00823087777857276	1.71751321538445	0.0461499999999999	0.0339899999999999	2	0.04918	0.00380999999999998
Vulpes_lagopus	52703	16634	0	0.719670264116456	0.000347326439401902	0.847671733678095	0	0.618016022061036	0.00129675807258938	0.0279714266514669	0.46858028635852	0.00079860217912702	0.00961495178107487	1.78190528425517	0.0445000000000001	0.0324700000000001	2	0.02459	0.00152000000000002
Halichoerus_grypus	60137	12682	0	0.605194213391463	0.00469346849055597	0.864891000216625	0	0.614402621182984	0.00146936767101052	0.0273809624338113	0.469561311731039	0.000844553431980398	0.00850361089467978	1.89802081486331	0.08517	0.0485699999999999	2	0.11113	0.0324099999999999
Nyctereutes_procyonoides	27168	18409	0	0.724945334115215	0.000299085947103483	0.824207374523531	0	0.614256142616963	0.00122424906344493	0.0275911472278867	0.469909358573603	0.00075646513171531	0.00948773083540759	1.84190199089969	0.0485100000000001	0.04481	2	0.01629	0.02311
Vulpes_vulpes	37915	15844	0	0.570245832307195	0.00865753372413842	0.852223747222344	0	0.609432896524772	0.00130924154089385	0.027158412906099	0.464082743611465	0.000801363883236702	0.00949276497235145	1.69230276094687	0.03112	0.0204800000000001	2	0.0170400000000001	0.00414000000000003
Leptonychotes_weddellii	40286	17428	0	0.651340375057341	0.00186505854859753	0.853091708064667	0	0.615779351679343	0.0012394110121574	0.0267718419431899	0.471409066507832	0.000729225350052723	0.00861466770078418	1.7555490595494	0.0201	0.0150400000000001	2	0.00863999999999998	-0.0126
Mirounga_leonina	45186	17491	0	0.652066798643501	0.00183596552460742	0.848308632138479	0	0.613096839906453	0.00124205987850078	0.0269835885664981	0.465557365579987	0.000723313166367045	0.00802299499837319	1.79241412458431	0.0321	0.02486	2	0.0414599999999999	0.00584999999999997
Puma_concolor	23358	8977	0	0.622645942671123	0.00336633203859985	0.876964023823558	0	0.576341654150607	0.00166542766096981	0.0248990497115501	0.44952737094621	0.000893905905706877	0.00683442662190753	1.76090106158077	0.02315	0.01695	2	0.04793	0.0183800000000001
Orbicella_faveolata	32587	10051	0	0.667419301052177	0.00130423547122068	0.319984604794384	4.63137239686353e-213	0.429215546725049	0.000581311247722855	0.00339646172839421	0.373729510287065	0.000226404509773774	0.000460664651386531	1.97156818776837	0.02349	0.02428	2	0.00297999999999998	0.01446
Hydra_vulgaris	32703	14331	0	0.826808166561542	6.97073329602801e-06	-0.084284969045377	1.29321714281814e-20	0.247236079783527	0.000314664930406405	0.00141896989808691	0.246905159809317	0.000331523118037289	0.00133614642323152	1.93199744782953	0.0182	0.01257	2	0.00886999999999999	0.01854
Stylophora_pistillata	33252	19087	0	0.543675315352854	0.0132207777444294	0.289057479956985	4.53943346372565e-307	0.419353056446754	0.000377933210578087	0.00272626323701359	0.366517060891641	0.000203044644603071	0.000663055894831061	1.77834485755554	0.00874000000000003	0.01185	2	-0.02551	-0.0104
Ancylostoma_ceylanicum	15892	10443	2	0.226502519090087	0.336911121372758	0.186907927813778	1.63647024051473e-81	0.508971612543731	0.000710622383484284	0.00527354970724448	0.411669248302768	0.000311364813477219	0.000997207612179544	1.94421225714704	0.0642200000000001	0.0547400000000001	2	0.06162	0.08041
Alligator_mississippiensis	42388	16607	0	0.57466324815697	0.00804200553647677	0.814745554293734	0	0.571004968987775	0.00131131481479994	0.0285565094481339	0.478536198698696	0.000684529693041025	0.00735062858857247	1.72603052155954	-0.01989	0.00682999999999995	2	0.0864499999999999	0.0607299999999999
Daphnia_galeata	15649	13387	2	0.517293233082707	0.019500547061355	0.445513841479754	0	0.429770218748161	0.000691392022893435	0.0063992929548159	0.286202778670413	0.000518056886946301	0.00348361053670015	2.24174844928109	0.02062	0.01074	2	0.06652	0.08201
Ramazzottius_varieornatus	23007	17418	0	0.858610994450797	1.26900271020005e-06	0.113738288695434	2.15437749242932e-43	0.570270761650757	0.000455997039632806	0.00362178222208033	0.429912208695916	0.000285058361064532	0.00119075867704433	1.95054945054945	0.06607	0.04071	2	0.05753	0.06741
Puntigrus_tetrazona	48681	22104	0	0.672686420677166	0.00115472587222124	0.30105569738306	0	0.588811114962901	0.000687186773046146	0.0104380760118398	0.345908390247265	0.00026683145528863	0.00149119239073065	1.9439457413255	0.00284000000000001	0.01206	2	0.05511	0.05378
Caenorhabditis_nigoni	44605	20124	0	0.746145220122457	0.000158300903032986	0.228982202885277	9.11236036158222e-229	0.444047799541987	0.000557643322294941	0.0062578812912904	0.320650895819359	0.000365972086403843	0.00259352833927061	2.24885640966287	0.17076	0.15212	2	0.20656	0.20579
Lepidothrix_coronata	36671	13889	0	0.83817910415385	3.95317777178128e-06	0.871454741563334	0	0.616630358055801	0.00145719279435563	0.0294920531556762	0.463229747580765	0.000851866479292667	0.00957892978076078	1.96415902567218	0.06464	0.05104	2	0.06879	0.03964
Owenia_fusiformis	30799	16275	0	0.472317221739249	0.0354817446640186	0.0779122870957352	2.03620686633834e-19	0.392500304649834	0.000411162441967612	0.00275136286121963	0.331854178149244	0.000179168562827287	0.000428200226526741	1.76975041615905	0.01171	0.00877	2	0.00809000000000004	0.01603
Betta_splendens	49263	21345	0	0.269578618969975	0.250390122221721	0.728092729510365	0	0.663724217294636	0.000850253028237836	0.0154309453757293	0.420794648938195	0.000420102578220366	0.00356713859390819	2.07569535908104	0.03754	0.03479	2	0.0226999999999999	0.02726
Onychostruthus_taczanowskii	32357	12804	0	0.6100988924743	0.0042830924982807	0.857634922485261	0	0.636833708430171	0.00151864957249123	0.0295298206936519	0.468951719679084	0.00090926200166948	0.010075692283656	1.88635120714953	0.0466799999999999	0.03108	2	0.12587	0.07325
Numida_meleagris	43240	13867	0	0.749164191928883	0.00014387597992505	0.872035822340989	0	0.591832293717596	0.00140516396563205	0.0273801941768999	0.465597191132594	0.000862310031158067	0.00976467404172408	1.90543484937835	0.04617	0.0311500000000001	2	0.04425	0.02352
Papilio_machaon	18225	12034	0	0.840878637395041	3.43330618065664e-06	0.449322664070422	0	0.472542543375424	0.0014261684187924	0.0244766308213275	0.307492680232535	0.000428751094544344	0.00197283674151514	1.80010406335847	0.08635	0.0933200000000001	2	0.07217	0.09465
Mustela_putorius	57554	9236	0	0.694802076979448	0.000674154763900572	0.88532209282749	0	0.607137847274668	0.00170827086716912	0.0269523968884946	0.466447920844827	0.000990947052980567	0.00860407425358684	1.80430863308557	0.09134	0.06199	2	0.14479	0.04883
Lates_calcarifer	45223	22530	0	0.788563052426924	3.61575447948441e-05	0.468987962205909	0	0.617856638180987	0.00060467115334166	0.00823758089899001	0.383125686043438	0.000211552862995656	0.000949871924175367	2.02706359975424	0.04638	0.0471299999999999	2	0.02496	0.02522
Takifugu_flavidus	29408	18458	0	0.486427552573813	0.0296451426436393	0.638324386804095	0	0.656991205366222	0.000670605491908005	0.00830077903439514	0.433185115324409	0.000419906921344728	0.00311666453615753	1.77472303337688	0.0364399999999999	0.0308999999999999	2	-0.0161500000000001	0.00704999999999989
Tursiops_truncatus	55739	15611	0	0.536145186331346	0.0148172595673171	0.852456175769382	0	0.621338642476268	0.00133723028255839	0.027915353359137	0.465721066731551	0.000748680074968748	0.00800257051891243	1.87857873009116	-0.00912999999999997	0.000740000000000018	2	0.000870000000000037	-0.00209999999999994
Elysia_chlorotica	23871	12332	0	0.752445660712713	0.000129489464586906	0.518743966017164	0	0.543798482733872	0.00115009740787852	0.0163118329551129	0.348597487581933	0.000357233911165346	0.0013961197761142	1.65921963334365	0.03742	0.03651	2	-0.0244799999999999	-0.00920999999999994
Haliotis_rufescens	55609	22512	0	0.819278037540034	9.92948664878353e-06	0.37369625663939	0	0.54572676701109	0.000566515927662803	0.00722500795020759	0.400799744999949	0.000210708934240287	0.000915758406983941	1.61036829141874	0.03387	0.03065	2	0.03833	0.04993
Trichuris_suis	9829	8516	0	0.735416351347586	0.000220041942956598	0.310258266290222	1.26608774644848e-162	0.489933679319902	0.000592422975327443	0.00298881778412161	0.389328015330542	0.000493342557489458	0.00177648083004172	1.87716574498584	0.00474000000000002	0.00579000000000002	2	0.03419	0.04267
Homarus_americanus	40732	14420	0	0.711061149373514	0.000440278331298103	0.454479821719296	0	0.526256857832656	0.00104460074042553	0.015734969993463	0.383585306304355	0.000332938779731664	0.00150055250371315	1.79995030597789	0.02475	0.03296	2	-0.03096	-0.01146
Echinococcus_granulosus	11319	8052	41	0.382184502368375	0.0963216556604972	0.279972661959756	1.03750395755288e-133	0.508386263732632	0.000717091149837708	0.00414049716269766	0.391189888615607	0.000407003537828825	0.00122930260003424	3.43888888888889	-0.02519	-0.00691999999999998	2	-0.05428	0.00569999999999998
Schistosoma_haematobium	8934	6912	12	0.628491285814138	0.00299861988859473	0.276186451907598	4.64824659134809e-112	0.260440542313969	0.000942670074278742	0.00614218891811805	0.340892673071994	0.000409963629077506	0.00107228773032162	2.53878205128205	-0.00720999999999999	0.01114	2	0.05172	0.0794700000000001
Acropora_digitifera	33878	20835	2	0.54587107100711	0.0127823664716622	0.367882836239767	0	0.419515758655737	0.000358712251986716	0.00268093278507832	0.372365523103602	0.000208608484926711	0.00076151273220983	2.00276211383943	0.01743	0.02026	2	-0.02235	0.00225999999999998
Pieris_rapae	20497	10290	0	0.822204144297016	8.67090593566598e-06	0.546027037277792	0	0.405224211519922	0.00111296567262169	0.0127461467349885	0.292311096225401	0.000407465329544114	0.0015593349269784	1.74895475170647	0.0915	0.09011	2	0.09226	0.11651
Coptotermes_formosanus	12984	7994	0	0.784272554860928	4.25954240962813e-05	0.44714839162578	0	0.430436913893311	0.000903001248159808	0.0065183975659003	0.382419355080545	0.000313798299891291	0.000704745302665956	1.71458159287107	0.03316	0.0341500000000001	2	0.00266999999999995	0.0152099999999999
Myotis_lucifugus	43106	13974	0	0.385029742827977	0.0936631743616783	0.841094634968652	0	0.61846857430231	0.00141501783453439	0.0279797974464322	0.464999629463282	0.000734802529772349	0.00702401126369781	1.73985660215376	0.04376	0.0390900000000001	2	0.02572	0.01639
Gymnogyps_californianus	25288	11878	0	0.525286758908002	0.017388666717283	0.861811723973928	0	0.562646305614103	0.00154061999167962	0.0281925512901857	0.451207162010097	0.000916135266533193	0.00954120590062788	2.10345931591927	0.07055	0.05834	2	0.1728	0.0815400000000001
Fundulus_heteroclitus	49534	21929	0	0.646107604924587	0.00208625407142047	0.364722911369976	0	0.668955162638171	0.00076982657414862	0.012995848054086	0.395891714493016	0.000255206044702592	0.00133959641619838	1.99310162677319	0.0136	0.02231	2	0.06553	0.06729
Pteropus_vampyrus	43630	14076	0	0.704820076413118	0.000520197986115469	0.875399601288635	0	0.601840349394966	0.0013741092318075	0.0265779679228918	0.450318458270594	0.000864232224093078	0.00992850630287942	1.84461314679465	-0.00528000000000001	0.00151999999999997	2	-0.00120999999999993	-0.0103399999999999
Necator_americanus	19153	3508	0	0.43808834849979	0.0533607259021772	0.194478586810658	5.46214586814156e-31	0.43135329645799	0.000845197532319999	0.00250597091118847	0.373817606991645	0.000511898546334927	0.000911375543411064	1.67692057889119	-0.000170000000000003	-0.000730000000000008	2	0.08762	0.09131
Dictyocaulus_viviparus	14171	10742	0	0.725698915543609	0.000292685154794927	0.121107002379251	3.80694270551679e-36	0.352716467438841	0.000422595662810165	0.00191838256617529	0.321892738579459	0.000248812691486765	0.000660431935086064	2.32587888679815	0.00972000000000001	-0.00158999999999998	2	0.02071	0.04346
Melitaea_cinxia	14667	10317	0	0.830320519974834	5.87633650529828e-06	0.431798135125567	0	0.435023523668874	0.00137837121483713	0.0196013426431836	0.316950070910653	0.000519326823540042	0.00249985254088907	1.73482012513925	0.08094	0.0797	2	0.10943	0.13747
Clonorchis_sinensis	14408	9220	0	0.541964967216235	0.013570607696038	0.269447891413487	4.80664800896751e-137	0.469396824204073	0.000410297065231047	0.00155212874561708	0.436619115673516	0.000305586601720938	0.000769477330287136	1.87983657368273	0.01702	0.0157600000000001	2	0.03141	0.04873
Acropora_millepora	41860	19227	0	0.635816583302243	0.00258556680885908	0.342947643205083	0	0.419935176935702	0.000355756512192894	0.00243342095537006	0.37197999758475	0.000184175010689542	0.000542794793869009	1.93118970510888	0.01649	0.01571	2	-0.00711000000000001	0.01114
Drosophila_mauritiana	23239	11282	0	0.87104468716706	5.81125303295246e-07	0.441166065480861	0	0.66814748215779	0.000972508272962067	0.0106702035509326	0.369307072095119	0.00067501581306317	0.0043582573175232	2.02365312257626	0.1325	0.12294	2	0.12035	0.08732
Drosophila_sechellia	23935	11345	0	0.850242496932508	2.06202854826117e-06	0.435424387121105	0	0.66406669323405	0.000974757544275721	0.010779477504539	0.366664227142734	0.000676703780849223	0.00441946319570787	2.01981215827292	0.1597	0.1494	2	0.15394	0.11918
Drosophila_erecta	23135	9749	0	0.815582088796463	1.17437206317967e-05	0.470832534631299	0	0.674826944741756	0.00103095620032089	0.0103619263273689	0.378011325363212	0.000690472726843548	0.0040071054896566	1.96970220894682	0.0730099999999999	0.0685699999999999	2	0.07755	0.06459
Acanthocheilonema_viteae	10138	7593	0	0.690204486596956	0.000756792378209657	0.53876003925216	0	0.315560312414351	0.000525741133963735	0.00209873359737561	0.272712761433461	0.000412563412747624	0.0012920532513627	1.83322510822511	-0.01072	-0.000959999999999961	2	0.04255	0.03316
Varroa_destructor	30221	9433	0	0.797741527626578	2.51432939091761e-05	0.435905578336384	0	0.495488745369096	0.00053971501753425	0.00274776026733377	0.371546277135581	0.000355916052921741	0.00109207583682684	1.70831346331636	0.03799	0.03235	2	0.0578799999999999	0.0721499999999999
Loa_loa	15440	8292	0	0.685464447230919	0.000850805990581939	0.533788636144671	0	0.333192026650073	0.000612025130067908	0.00310597390854883	0.295502942568894	0.000442450823198436	0.0015825459169915	1.69681508967223	-0.0163300000000001	0.000509999999999899	2	0.06237	0.04089
Steinernema_carpocapsae	36556	18172	0	0.811747908518527	1.39232609227453e-05	0.360092041023093	0	0.629340191190665	0.000701945219572824	0.00895383670276087	0.383479686407504	0.00045441547458437	0.0034616557522537	2.10762617442316	0.06862	0.05036	2	0.11459	0.12106
Penaeus_chinensis	34830	12623	0	0.783133418236798	4.44623564455567e-05	0.411559705552562	0	0.580143884687612	0.00135777197077	0.0232710650587349	0.359101724346315	0.000541144183373194	0.00348681048285422	1.84513646246894	0.03716	0.046	2	-0.01162	-0.00274999999999997
Lepeophtheirus_salmonis	20654	12431	2	0.303743746297436	0.192938255985483	0.264455426304551	5.70355528038097e-169	0.346786235902229	0.000539490095725361	0.00361803712244837	0.269307227578843	0.000504713417521222	0.00269790509785065	2.42200010134793	-0.0419	-0.01438	2	0.09691	0.08285
Chloebia_gouldiae	18989	11965	0	0.542783225709735	0.0134023240298193	0.838940857142462	0	0.624237695671019	0.00150426298246786	0.0270744871958622	0.464450132904152	0.000929311610059532	0.00982626914043339	2.05467710394181	0.01167	0.00770999999999999	2	-0.000560000000000005	0.00579000000000002
