species	nb_genes	nb_genes_filtered	nb_codon_not_decoded	rho_aa_fpkm	pval_aa_fpkm	rho_gc3_gci	pval_gc3_gci	gc3	std_gc3	var_gc3	gci	std_gci	var_gci
Microtus_ochrogaster	37795	15885	0	0.756595754107771	0.000113076201203124	0.78142475205424	0	0.605142490166724	0.000922569187195801	0.0135202620835162	0.459717748345757	0.000483372490286376	0.00342692936035103
Melospiza_melodia	14000	3879	0	0.643466864509449	0.00220595307957124	0.822613988954041	0	0.628420649524791	0.00268810892504668	0.0280293808909197	0.446665350640623	0.00147768501572742	0.00757692892979757
Lonchura_striata	29134	12280	0	0.795177116854619	0.0000278798554082042	0.846433937882637	0	0.618020715088811	0.00155607830318683	0.0297345425397675	0.453620957244339	0.000888487029731485	0.00923766648181659
Callithrix_jacchus	85133	18835	0	0.751888790567584	0.000131840068023983	0.824615393140113	0	0.594045783313297	0.00115094605755739	0.0249502880442087	0.458472489535324	0.000624314861396532	0.00643079949260326
Pelodiscus_sinensis	38587	14199	0	0.625517899662072	0.00318124941494289	0.79156945257227	0	0.534223746285003	0.0013540756225898	0.0260341617212341	0.465738408686315	0.000617100137317769	0.00512421406945072
Panthera_tigris	29473	12781	0	0.545944506952286	0.012767909499624	0.87128967776262	0	0.588787599934601	0.00135861756649954	0.0235917026654666	0.45947419571287	0.000787487229258679	0.00753155337470173
Monodelphis_domestica	49112	16670	0	0.583805178385833	0.00688135336652142	0.794142099401884	0	0.535917402148581	0.00110271982319711	0.0202705701112261	0.416016648590996	0.000600993190047326	0.005621243771803
Heterocephalus_glaber	60814	15233	0	0.595774614551689	0.005572770931311	0.844643719814445	0	0.613348118612476	0.00129168478419721	0.0254154924784411	0.460235309732211	0.000745107060413315	0.00790194143652313
Macaca_mulatta	67977	18074	0	0.792313349751464	0.0000312368438291016	0.824884492871926	0	0.598297015378808	0.00119910092576814	0.0259875749274372	0.461165034869863	0.000632231643973118	0.00655935353542802
Ornithorhynchus_anatinus	43095	14029	0	0.817463825551155	0.0000107870323604555	0.842606284907162	0	0.69954136284237	0.00142072439681894	0.0283169446405715	0.518707958177693	0.000751094347090534	0.00758377056118411
Erinaceus_europaeus	29382	14147	0	0.614111422845395	0.0039698505453533	0.854031111870747	0	0.618974698484704	0.00143835790680754	0.0292683529528678	0.465327344256812	0.000725645508812874	0.0070048463635353
Felis_catus	54726	15130	0	0.776063723888804	0.0000577058560725104	0.861478984711897	0	0.61935761256059	0.00132968247020228	0.0267506792847518	0.470181096582955	0.000764728447990754	0.00832242540573628
Rattus_norvegicus	56113	16774	0	0.631262889661069	0.00283632099684709	0.757020599445385	0	0.599130918689003	0.000856113520642308	0.0122941738624404	0.45968822102693	0.000429257999829794	0.00285606767147707
Mus_musculus	78443	16756	0	0.624910109735382	0.00321969564135843	0.766687728219403	0	0.598407921470745	0.000889896766824239	0.0132693487789045	0.456308967255511	0.000437700938111288	0.00298350821808359
Bos_taurus	63696	15315	0	0.313017394856489	0.179018830516101	0.846167433201235	0	0.627448797074201	0.00131308946719297	0.0264061834766855	0.466437176462139	0.000710471786795083	0.0072086226525579
Crocodylus_porosus	28676	12415	0	0.331322254142739	0.153582978778109	0.750211183754371	0	0.533098362079726	0.00140149807410146	0.024385503913981	0.458704767526367	0.000655578908562356	0.00509895388029388
Gallus_gallus	49681	15448	0	0.711112372124164	0.000439668336332138	0.87864422228205	0	0.602767265023421	0.00134101453611916	0.0277804471450083	0.474848027311497	0.000862394430707279	0.0107126027158715
Loxodonta_africana	41267	17492	0	0.700263306385088	0.000586046443119324	0.841371387227204	0	0.588260491326298	0.0010933728024874	0.0209110577786535	0.447863108226819	0.000611447319136371	0.00550034342785105
Cervus_elaphus	19243	8395	0	0.147479349499692	0.534936713422264	0.821000372757336	0	0.6460636505475	0.00168012263678414	0.0236975073665566	0.477445650549283	0.00103227317536099	0.00869093498229585
Sus_scrofa	63577	14344	0	0.82136147215093	0.00000901827692605861	0.85009029879984	0	0.627168110150113	0.00137419741163551	0.0270874753390342	0.473206433177393	0.000747775160315764	0.00754820465251071
Canis_lupus	62946	16507	0	0.733711282255228	0.000231537259618166	0.847126482850201	0	0.619098233401931	0.00129971416141003	0.027884563670911	0.46850890323383	0.000785823873401546	0.00947768406779986
Xenopus_tropicalis	39715	15868	0	0.763444958089005	0.0000898858337417296	0.642208085397016	0	0.480924567705724	0.000813079462478626	0.0104903064328483	0.400807725427909	0.000337512939862197	0.00168616960167061
Homo_sapiens	119294	17339	0	0.505643483998943	0.022939362219786	0.829416359284059	0	0.596583492858252	0.00123800999297167	0.0265749433296359	0.459487266513259	0.000643091634557085	0.00664767355392921
Equus_caballus	60900	16485	0	0.708585140923872	0.000470635315848484	0.856753141526918	0	0.621443880978617	0.00127186169629453	0.0266666663966523	0.465029201963418	0.000728610872581506	0.00816430822624083
Blattella_germanica	29581	10272	0	0.68272531286823	0.000909499872593694	0.111738216519725	0.0000000000000000000000000020493968009263	0.384490032829206	0.00101055878999066	0.0104900649867774	0.3370503083515	0.000231041332551832	0.000500064751949753
Cryptotermes_secundus	26728	11720	0	0.797590412975308	0.0000252978470961927	0.559093974396082	0	0.442959890499121	0.000899372409490087	0.0094799649667575	0.391558687332138	0.000278680770525232	0.000852195790225674
Zootermopsis_nevadensis	30187	11533	2	0.77657203412742	0.0000566517219328007	0.598334212792032	0	0.447226974360888	0.000968604380743729	0.0108201965502844	0.361831578497272	0.000330520989618448	0.001200374440867
Acyrthosiphon_pisum	27999	12840	0	0.636295902317398	0.00256028354275286	0.53687878491845	0	0.36261690577984	0.00141360013059543	0.0256577268271775	0.251036241933109	0.000422509204066626	0.00211039283335342
Cimex_lectularius	24194	11297	0	0.324812030075188	0.162323155769999	0.311662413502435	0.000000000000000000000000000000000000000000000000000000000000000000000000000000000000000000000000000000000000000000000000000000000000000000000000000000000000000000000000000000000000000000000000000000000000000000000000000000000000104146867138113	0.466397544210079	0.00106948989278738	0.0129216061018579	0.314420770951734	0.000450119519786132	0.00207672771644811
Halyomorpha_halys	25026	12759	0	0.778743758604436	0.0000523327340683875	0.181760615731892	0.0000000000000000000000000000000000000000000000000000000000000000000000000000000000000661082124895161	0.368567292399123	0.00103027535320408	0.0135432613243331	0.289226584703579	0.000287414401751118	0.00094898965638045
Athalia_rosae	22113	10393	0	0.768307357138429	0.0000760196340794643	0.688359303132199	0	0.450533996857017	0.00095044169529658	0.00938840655213256	0.346093342336176	0.000516488899833659	0.00262012441702388
Cephus_cinctus	31876	10911	0	0.695740103467587	0.00065826962129232	0.699884161917202	0	0.417043382610824	0.000998298246195955	0.0108738959263733	0.310466976719618	0.000695284145608307	0.0049874445850163
Orussus_abietinus	19696	9535	0	0.714414440561619	0.000401831300973808	0.835779820809741	0	0.525195047161165	0.00174666489871045	0.0290897428890717	0.357868586980666	0.000957223116107367	0.00827855450938303
Nasonia_vitripennis	24891	10622	0	0.859303330001112	0.00000121737916239567	0.781114108190791	0	0.511408203221207	0.00185375198110604	0.0365014026399823	0.325740799440924	0.000920001594496212	0.00836500019549228
Trichogramma_pretiosum	21161	12141	0	0.688567658033865	0.000788209520227316	0.740445604713434	0	0.473974225628432	0.00190558061752121	0.0440868543645424	0.296598933705165	0.000836274705096196	0.00762786915565933
Harpegnathos_saltator	26784	10466	0	0.778118747750216	0.0000535455800536879	0.831211821777348	0	0.516780907414315	0.00170099369231387	0.0302821102791576	0.343366751255065	0.0010113592000385	0.0101067554706764
Linepithema_humile	21674	10543	0	0.644696498469684	0.00214952179779594	0.718027875658115	0	0.458011915046506	0.00139454350126344	0.0205035158754263	0.275843993921892	0.000708350969533288	0.00500506693298652
Camponotus_floridanus	23971	9554	0	0.788386286085304	0.0000364051210832675	0.681285147643261	0	0.422734328429804	0.0013943404596183	0.0185747465217572	0.245979599418151	0.000668642388341204	0.00406353414664997
Pogonomyrmex_barbatus	19128	9654	0	0.740016962683099	0.000191428391923998	0.679861162954857	0	0.440798754115702	0.00136253891122844	0.0179227695956402	0.269919812415999	0.000762104564960231	0.00530621956943793
Polistes_canadensis	19297	8885	0	0.725153437904767	0.000297306530149831	0.718602762945085	0	0.299383300777443	0.000969351087690147	0.00834871500476595	0.230959290600455	0.000660445748270527	0.00367663359483823
Polistes_dominula	20855	9278	0	0.728329236854413	0.000271250927787022	0.678084967059161	0	0.281755514136305	0.00090539053954144	0.0076054737659076	0.222059910266496	0.000640596728829166	0.00360381813204056
Solenopsis_invicta	25238	10817	0	0.701891789920176	0.000561746177540413	0.597700967760165	0	0.46438709689095	0.00124899147384977	0.0168743004338234	0.281894592572192	0.000657894134273423	0.0043676339660777
Acromyrmex_echinatior	20241	9831	0	0.601442840927262	0.00502880162659785	0.57556764282515	0	0.426766864477869	0.00114992572793907	0.0129998181663799	0.267253192688606	0.000567149193811575	0.00300171439743972
Atta_cephalotes	10657	1269	0	0.685449122741564	0.000851125230430831	0.427641067128189	0.000000000000000000000000000000000000000000000000000000338551928352886	0.398589866481441	0.00284891104818491	0.0102995772896365	0.251168334484665	0.00133391067624462	0.00216187099602225
Dufourea_novaeangliae	12157	8846	0	0.721788027500411	0.000327218471293622	0.829655964463265	0	0.431023774719094	0.00168746629736214	0.0251893609968689	0.31293918190619	0.000781791123957451	0.00510716515268275
Megachile_rotundata	26024	9365	0	0.834992884181085	0.0000046538864689168	0.848740335651946	0	0.379541508760741	0.00162868230109448	0.0248416555449188	0.281380406729522	0.00088662387063633	0.0070057400256969
Habropoda_laboriosa	12256	8669	0	0.577509759087474	0.0076646596242317	0.856083236375537	0	0.387259471680364	0.0017663222409187	0.0270463633292256	0.293920147373818	0.000971679306221251	0.00774400584928489
Eufriesea_mexicana	15659	9329	0	0.698284098754926	0.000616775155041642	0.867920345355214	0	0.356550607065633	0.00184930235122018	0.0319044260883256	0.268299527158522	0.00108522992505587	0.0103993028337906
Apis_mellifera	23471	9431	0	0.643291011388314	0.00221412370684854	0.860191265090721	0	0.311712579917833	0.00205316806342375	0.0397563719806308	0.195953514849928	0.00105384377002764	0.00994974617027795
Apis_florea	17663	9418	0	0.609461596403798	0.00433467434771346	0.859397017383868	0	0.311110426613334	0.00198338310748096	0.0370486089337026	0.202479949949754	0.00106476143243432	0.0101399640251483
Apis_cerana	19255	9215	0	0.698872900501164	0.000607494089370211	0.854315874214696	0	0.307649011636675	0.00200187017314195	0.0369289668119131	0.200479106842657	0.00109780546519927	0.0105151679239515
Melipona_quadrifasciata	14257	9294	2	0.633416177012665	0.00271533708629306	0.814706369003801	0	0.388595202431731	0.00164642096141147	0.0251932642223352	0.293069428177678	0.000997342651196478	0.00849765686476027
Bombus_terrestris	22091	9632	0	0.676792932893851	0.00104842330535699	0.842408736775583	0	0.353767192139688	0.00144182262100134	0.0200235069951931	0.268971477493115	0.000841209307153197	0.00646564362045689
Onthophagus_taurus	21668	10280	0	0.744168758444874	0.000168401235436999	0.255399664097248	0.0000000000000000000000000000000000000000000000000000000000000000000000000000000000000000000000000000000000000000000000000000000000000000000599904853546145	0.310460178238646	0.000747611951581195	0.00574573491791161	0.250756470333554	0.000830765130102753	0.00649105544661663
Tribolium_castaneum	22611	11950	0	0.661390641251525	0.00149502479302004	0.406717536648555	0	0.521000699678411	0.00105402998060576	0.0132762014401886	0.305982810119726	0.00057694720074703	0.00364956554633997
Dendroctonus_ponderosae	20551	9784	0	0.463600399234897	0.0395113372203828	0.744332202077046	0	0.487434393739351	0.00121633560108832	0.0144751569291422	0.352553888599036	0.000605933709591885	0.00338627665605165
Anoplophora_glabripennis	20632	10716	0	0.773805536525403	0.0000625958678788568	0.352943438603843	0.000000000000000000000000000000000000000000000000000000000000000000000000000000000000000000000000000000000000000000000000000000000000000000000000000000000000000000000000000000000000000000000000000000000000000000000000000000000000000000000000000000000000000000000000000000000000000000000000890599542889678	0.423879357864016	0.00127697660266967	0.0174742516161941	0.291055356680349	0.000421064264277087	0.00175805835688134
Leptinotarsa_decemlineata	19038	10025	0	0.727276918455726	0.000279659541440784	0.307004860709115	0.0000000000000000000000000000000000000000000000000000000000000000000000000000000000000000000000000000000000000000000000000000000000000000000000000000000000000000000000000000000000000000000000000000102829046487829	0.393944431042711	0.000916226136016449	0.00841569008150432	0.328134104412026	0.000379331030849623	0.00130841023756872
Bombyx_mori	22571	9904	0	0.702296270017705	0.000555844874557419	0.517641999880033	0	0.487858205165052	0.00146244510672989	0.021182137315723	0.347564805642144	0.000503865369994933	0.00226638953701233
Danaus_plexippus	15232	11938	0	0.794728339609102	0.0000283843286113264	0.6218028893731	0	0.471698951093481	0.00123131012843299	0.0180994958613724	0.281952150750736	0.000504741402167501	0.00275705474249713
Aedes_aegypti	28317	12159	0	0.781496858575839	0.0000472679406641745	0.229598438577644	0.0000000000000000000000000000000000000000000000000000000000000000000000000000000000000000000000000000000000000000000000000000000000000216300263598052	0.576519924318576	0.000885092801251414	0.00952523009535041	0.362823641341967	0.000395170630917078	0.00175554878119795
Culex_quinquefasciatus	18883	8988	0	0.79428362142068	0.0000288920071124081	0.113744571248599	0.00000000000000000000000030053486364882	0.712159688094653	0.0010578056836237	0.0100571483443878	0.359138639552826	0.000703972635264606	0.00410288588407634
Anopheles_gambiae	14102	8887	0	0.703357141120948	0.000540616268039606	0.472570879810505	0	0.698472595243916	0.00127466714475786	0.0144393872440449	0.429482811129662	0.000719048774114876	0.00407885865995812
Drosophila_grimshawi	14986	9491	0	0.787631849447902	0.0000374783092070757	0.220999568072471	0.00000000000000000000000000000000000000000000000000000000000000000000000000000000000000000111725025927991	0.591531512838812	0.000747214241547654	0.0052991017042256	0.327243134180763	0.000639618087559142	0.00333262063296071
Drosophila_pseudoobscura	23456	12921	0	0.843692644893075	0.00000295582068074896	0.491548442554333	0	0.66554514371791	0.000919654260318585	0.0109281161080644	0.407827404477747	0.000657638004720978	0.00462761887421126
Drosophila_melanogaster	30493	11386	0	0.852513400264492	0.00000181281734677542	0.45481475281714	0	0.652311368572543	0.000951878245010985	0.0103165379932006	0.36165152638327	0.000666989057566713	0.0042667903983456
Drosophila_suzukii	23160	12396	0	0.744813489401664	0.00016504750202951	0.369826878901756	0	0.666874977208014	0.0010313408077	0.0131851772287319	0.350538338110428	0.000708132555653974	0.00528981415606127
Ceratitis_capitata	22949	11275	0	0.834776595337229	0.00000470514321933425	0.413502346899438	0	0.407522195692898	0.000696751254376356	0.00547358755060592	0.287199472651884	0.000680531860114041	0.0046316992499154
Lucilia_cuprina	18864	11322	0	0.877500227507806	0.000000375131101057259	0.0433528419772741	0.0000167813183215589	0.317115976647914	0.000524562195303957	0.00311542375411413	0.248510476351318	0.000526137546281807	0.00272640724771569
Musca_domestica	21309	10971	0	0.834462237730399	0.00000478051668606689	0.258501788291979	0.000000000000000000000000000000000000000000000000000000000000000000000000000000000000000000000000000000000000000000000000000000000000000000000000460529115923081	0.423403673593295	0.000666406622654016	0.00487219681807365	0.315058085579429	0.000549058433084292	0.00286783809505753
Enhydra_lutris	36603	15179	0	0.592315002717837	0.00592794351768236	0.863886148693108	0	0.627696843223185	0.00133467267806087	0.0270391292206362	0.473519766871685	0.000777372184046781	0.0085727063727458
Motacilla_alba	42246	14126	0	0.517573299039163	0.0194232534082184	0.85118976889338	0	0.635910965481206	0.00142957653368826	0.0288691517416849	0.4685567861893	0.000849516291632725	0.00960986331254325
Patagioenas_fasciata	24805	13382	0	0.839451000339432	0.00000370027685450432	0.878033606578717	0	0.605455543239358	0.00149904047877	0.0300709913812535	0.466528748136459	0.00088677918291276	0.0100868618739867
Terrapene_carolina	34138	15827	0	0.6923427000187	0.000717353032185345	0.798796373622312	0	0.562255435530106	0.00133847421222153	0.0283542796820096	0.463074051600675	0.000627531310727524	0.00586755363455673
Osmia_bicornis	24839	9753	0	0.653016449246976	0.00179850643702629	0.83497081922573	0	0.375931769795569	0.00146118525168954	0.0208232629996307	0.28350240236116	0.000848638279899608	0.0066012334013971
Neophocaena_asiaeorientalis	38119	13614	0	0.615500550463	0.00386593142470095	0.864562307729036	0	0.614335475510741	0.00141469347783678	0.0272464828596885	0.463204895363582	0.000779647766027565	0.00777197827117168
Ovis_aries	42391	15994	0	0.248400609974108	0.290960131061531	0.848643406907542	0	0.626418832825007	0.0013104596000441	0.0274665659873839	0.465580067081347	0.000704441767120595	0.00727485205985004
Lamprotornis_superbus	14256	5739	0	0.640976470156997	0.00232404199899154	0.834556616014467	0	0.559257635791137	0.00183953786812235	0.019420199622222	0.431123328968253	0.000985500415026648	0.00546597589080359
Nematolebias_whitei	24104	16637	0	0.815651096212581	0.0000117073784286346	0.365940715548766	0	0.631042015771667	0.000797259965159725	0.0105748673716974	0.388884076332055	0.000289531908386974	0.00132306878205084
Tetranychus_urticae	15684	10426	0	0.606962388603855	0.00454193941056154	0.115402945097886	0.0000000000000000000000000012172556307335	0.292661489821109	0.000381857150326046	0.00152026597281797	0.268143801695201	0.000412976764660838	0.00151038910097404
Ixodes_scapularis	32572	9680	0	0.543265767034579	0.0133038756798684	0.415454032223266	0	0.729315487485474	0.00105333900205036	0.0107401831553675	0.451356629489522	0.000301896494579172	0.000788373918249009
Centruroides_sculpturatus	35529	18780	0	0.419706686318882	0.0654364077959156	0.257730955032547	0.0000000000000000000000000000000000000000000000000000000000000000000000000000000000000000000000000000000000000000000000000000000000000000000000000000000000000000000000000000000000000000000000000000000000000000000000000000000000000000000000000126521257087022	0.314761450222898	0.000793451477398347	0.0118232353383899	0.287769253409536	0.000404268505046191	0.00263143512219791
Eurytemora_affinis	30425	18252	14	0.332590235256314	0.151919490892926	0.136098169978343	0.000000000000000000000000000000000000000000000000000000000000000000000000217201339751929	0.401360559051497	0.000561706079909895	0.0057587564212317	0.30468442114496	0.000210087182813409	0.000775303943902548
Tyto_alba	32967	13645	0	0.680301624791986	0.000964250741447269	0.872068897557989	0	0.564004632687955	0.0014270602503565	0.0277880555739233	0.455582243151083	0.000895050282448657	0.0103279746845724
Anser_cygnoides	31811	11447	0	0.571436570092795	0.00848795567952117	0.859631958682691	0	0.548305186574853	0.00154411930060117	0.027293132632656	0.442816014070668	0.000877194955618005	0.00840877898048678
Ursus_arctos	51919	15184	0	0.770332198900235	0.0000708133446976165	0.860476778558312	0	0.621989497682759	0.00132397091505329	0.0266160181716444	0.468819107689218	0.00075769282013569	0.00809421347815129
Seriola_lalandi	38827	17151	0	0.706280606547366	0.000500470185153833	0.474193900310612	0	0.629359367482479	0.000662703257531838	0.00753230084497531	0.382706090451679	0.000238105595225845	0.000931373541122188
Balaenoptera_acutorostrata	37625	14941	0	0.584870527120854	0.00675553366316515	0.855084733215684	0	0.613752520648779	0.00136451739500544	0.0278187632635315	0.458853906499773	0.000763490129938045	0.0082068909562819
Podarcis_muralis	50554	18199	0	0.630193166218652	0.00289807237295818	0.727855468943293	0	0.576453835070117	0.00103050759201805	0.0193263533832674	0.444898014737865	0.000282978881882566	0.00136331173524541
Anas_platyrhynchos	45225	13825	0	0.70632610221742	0.000499866014723342	0.874831497872031	0	0.606253826910777	0.00156452806100839	0.0338401168421628	0.465937116801763	0.000952963450878145	0.0118893602223859
Odocoileus_virginianus	48221	16570	0	0.335464484046992	0.148195205691291	0.842032782542943	0	0.62549133099495	0.00126030076605392	0.0263190924065798	0.461986697566667	0.000699909856373819	0.00752005281201258
Diabrotica_virgifera	28061	11963	0	0.4909644122023	0.0279382303249872	0.0712378880325711	0.000000000000113200493586965	0.339228635155333	0.000659991584259424	0.00521094990654132	0.323522063423917	0.000246308086509304	0.000657455577501404
Trachemys_scripta	42076	10275	0	0.619963434595537	0.00354719581047689	0.744987492085727	0	0.530779133022005	0.00149681345701789	0.0230206291455038	0.446835151606343	0.000635474218931314	0.00398577725648321
Glossina_fuscipes	22320	10545	0	0.654096564627712	0.00175668154305007	0.141168604579695	0.00000000000000000000000000000000000000000581418217933011	0.353142751045691	0.000360396261946108	0.00136964223501276	0.292031026946972	0.000530732827324873	0.00257847431543832
Ceratosolen_solmsi	12833	8814	0	0.551952477211245	0.0116290881658603	0.797218997801938	0	0.383188761604331	0.00191272989348393	0.0322463331787939	0.238026667074933	0.000806789197931692	0.00548260490578149
Bombus_vancouverensis	24285	9485	0	0.77161858170023	0.0000676677827720789	0.835807091476622	0	0.354122255540163	0.00146573072372408	0.0203772567691358	0.271756406866297	0.000855584007991165	0.0065874839285773
Peromyscus_maniculatus	45588	13043	0	0.627649949432904	0.00304938785584446	0.813494887865314	0	0.604362149189772	0.00112202934725388	0.0164204829730988	0.46518958039827	0.000589984276564603	0.00427026318680854
Equus_asinus	42247	16347	0	0.656865733785723	0.00165315969358844	0.861418816331094	0	0.614878103071319	0.00126310603195436	0.0260806061535937	0.462612210371877	0.000727780205922293	0.00808320273332696
Gorilla_gorilla	51654	16271	0	0.734543311948672	0.00022586532984657	0.827924188522497	0	0.595210324552673	0.00128572478798424	0.0268973985974424	0.45785762278756	0.000660171446860051	0.00647899435928
Vicugna_pacos	44159	15184	0	0.596689408945182	0.00548184311523922	0.841886534629618	0	0.621348037936094	0.00125880444120605	0.024060393624302	0.45752217165892	0.00075230977909537	0.00807412807310553
Pan_troglodytes	80811	16719	0	0.601357979858567	0.00503660981562505	0.82588887218766	0	0.597128268666949	0.00124490280856792	0.0259108220234837	0.461965179462085	0.000663824231287707	0.00669366504657923
Struthio_camelus	25438	11749	0	0.699486332713801	0.000597950996355915	0.85343139614845	0	0.512264731245735	0.00127774960476294	0.0191819349724919	0.430076317392028	0.00071967931006966	0.00580867813927437
Vespula_vulgaris	15512	10878	1	0.513211201231956	0.0206552138377814	0.811618123572831	0	0.338924313811164	0.00119658688165153	0.0155753397585744	0.268135009888477	0.000845212051803837	0.00730171285931022
Vespula_pensylvanica	18491	8921	0	0.646971897876048	0.00204827763030024	0.812300638429696	0	0.311657896261974	0.00121949358418125	0.0132669954131862	0.244572548575572	0.000812842074483527	0.00558962553390878
Arvicola_amphibius	40754	15195	0	0.662398075558497	0.00146160404954372	0.78441229235389	0	0.598718803895018	0.000945514055387262	0.0135842818156653	0.457490596846206	0.00048291534412426	0.00319797073937662
Oenanthe_oenanthe	13570	2519	0	0.486890989077205	0.0294671199442664	0.815538024489026	0	0.580025206466701	0.00302317261893177	0.0230225835906403	0.427347812293353	0.00159165354370905	0.00582419694636042
Chelonus_insularis	19220	9875	0	0.703738541704371	0.000535228590884381	0.527712388718295	0	0.249845990784456	0.000579323324347643	0.0033142032020654	0.213583592385829	0.000517885988430717	0.00247768607660481
Branchiostoma_floridae	43041	16223	0	0.828058066241933	0.0000065625488699632	0.317505850668571	0	0.626301856352316	0.000694698221259656	0.00782931095089384	0.388667154073564	0.000221637497198912	0.000741219665503618
Cloeon_dipterum	30082	13879	0	0.829187721417719	0.00000621168061183286	0.38025795241821	0	0.60968720423209	0.0010247660471304	0.0145749687193042	0.326345418427782	0.000515983633481977	0.00355695450988408
Gymnodraco_acuticeps	45727	20527	0	0.576156490538107	0.00784220749666154	0.28470517655848	0	0.639072787397702	0.000681403388950536	0.00953090324432093	0.383604175364504	0.000258364106850843	0.00127790051215392
Pseudochaenichthys_georgianus	37944	17306	0	0.696240601503759	0.000649924405497341	0.368127412194559	0	0.653793299322216	0.000718134278359266	0.00892499566340484	0.390047428421644	0.000279956945226779	0.00128857802690205
Molothrus_ater	28498	13616	0	0.730245904253911	0.000256489393868494	0.849976468829737	0	0.638029653258011	0.00147149393417139	0.0294826485272961	0.466047110134574	0.000854494629774406	0.00941323654426305
Zerene_cesonia	17465	9777	0	0.833146486831912	0.00000510752068498453	0.620350829117319	0	0.476830142311754	0.00161119071409655	0.0253804615515758	0.298580925570914	0.000439103614495887	0.00171602665994384
Osmia_lignaria	25907	9839	0	0.689940596514056	0.000761784604515744	0.828035106709924	0	0.378881022138378	0.00144874800625756	0.0206507896598653	0.28384239430306	0.000840095724735957	0.00651276090896877
Bombus_vosnesenskii	24067	9393	0	0.738288858546377	0.000201778330682777	0.832414299175474	0	0.351345966404046	0.00146312536509799	0.0201079316886974	0.270598518155411	0.000859170400979256	0.00657269931858948
Bombus_bifarius	23896	9752	0	0.764358301836461	0.0000871269627187963	0.83494953772378	0	0.357722647507467	0.00144914740187845	0.0204794749320026	0.27325052507724	0.000846799452340662	0.00660922785316914
Arvicanthis_niloticus	41473	16596	0	0.607452400754864	0.00450066917208958	0.775904676170816	0	0.590261193689249	0.000904502222277551	0.0135775903866631	0.450554402955833	0.000462250678499146	0.00323462259178248
Anneissia_japonica	32774	16086	0	0.559067125909546	0.01038831681086	0.0180052074940883	0.0300429870668392	0.383889314694515	0.000405034448558702	0.00263895502209669	0.326527038640234	0.000235473227761297	0.000805044299567546
Oxyura_jamaicensis	39795	11975	0	0.778578609799076	0.0000526508825562483	0.857455160376467	0	0.576308928069388	0.00159794870251794	0.0305774446691481	0.455186068479092	0.00097405045587502	0.0108824411130711
Ignelater_luminosus	27558	15040	0	0.616950246578062	0.00375989448304515	0.327039510640009	0.000000000000000000000000000000000000000000000000000000000000000000000000000000000000000000000000000000000000000000000000000000000000000000000000000000000000000000000000000000000000000000000000000000000000000000000000000000000000000000000000000000000000000000000000000000000000000000000000000000000000000000000000000000000968368665848843	0.273260641563833	0.000494564218956081	0.00367869025074145	0.276549787588431	0.000513242862708079	0.00342522732427856
Belonocnema_treatae	25246	11025	0	0.743874524478574	0.000169951058855758	-0.0554062020776019	0.0000000150189856884622	0.393729671699022	0.000744551243620208	0.00611178101199979	0.273952085321867	0.000433700979642201	0.00196128261989614
Stegodyphus_dumicola	29944	13362	0	0.56390977443609	0.00960697153757661	0.340777997279136	0.0000000000000000000000000000000000000000000000000000000000000000000000000000000000000000000000000000000000000000000000000000000000000000000000000000000000000000000000000000000000000000000000000000000000000000000000000000000000000000000000000000000000000000000000000000000000000000000000000000000000000000000000000000000260866661004178	0.319365037569961	0.000710092868139509	0.00673754639903423	0.321032983621875	0.000201468896539136	0.000481475214426732
Odontomachus_brunneus	29175	10957	0	0.751618891842897	0.000132992443824246	0.704352975920124	0	0.505117142337356	0.00142415105942528	0.0222230557723608	0.315757082141286	0.000725222128262166	0.005405158709695
Eudyptes_filholi	12955	3462	0	0.712188185707682	0.000427021840580816	0.872864595831952	0	0.567044520991104	0.00285794012935326	0.0282769990126343	0.450365220667317	0.00174662659532499	0.00956090778859823
Chiroxiphia_lanceolata	39412	2629	0	0.670228008042226	0.00122260454610763	0.862897865513652	0	0.608336180112012	0.00317867931621161	0.0265634217714739	0.459463578928575	0.00176248395436671	0.00798331870175828
Cyclopterus_lumpus	38625	17428	0	0.583678115740954	0.00689648702271959	0.442170880765195	0	0.675550215387345	0.000799627405796068	0.0111435327046094	0.39936774431707	0.000309006778271327	0.00158619995996079
Notolabrus_celidotus	39434	19277	0	0.587660061016629	0.00643499300820501	0.451964340825748	0	0.625577109477089	0.000629005325552605	0.00762690070467911	0.385866883418846	0.00023846977940689	0.00104181874984759
Pecten_maximus	39918	19083	0	0.738149193159172	0.000202635323442418	0.161958338036267	0.0000000000000000000000000000000000000000000000000000000000000000000000000000000000000000000000000000166596102312889	0.452776131717149	0.000432816806181358	0.00357482578872777	0.346452369110958	0.000242297710795218	0.00101066133000342
Photinus_pyralis	32294	13057	0	0.682487085958149	0.000914762299736174	0.499353966142113	0	0.444640502784573	0.000933231383024522	0.0113716130718171	0.343159736883531	0.000455969068748668	0.00248470601807521
Camarhynchus_parvulus	28897	13836	0	0.783814301679431	0.0000433381544382343	0.845549017373767	0	0.646401153269985	0.00149298193849123	0.0308403757699942	0.467184755264655	0.000857509777913557	0.00963640816684348
Asterias_rubens	24049	15118	0	0.632016186665438	0.00279349634106985	0.116877949933434	0.00000000000000000000000000000000000000000115056622534524	0.499600854162394	0.000603495327533004	0.00550607553533431	0.37531772132541	0.000194917955363296	0.000517844717072595
Gopherus_evgoodei	50852	13953	0	0.687476543540247	0.00080975921416633	0.809233574013031	0	0.563369288591759	0.0013761452088351	0.0264238514463144	0.468925281345477	0.000691060322086766	0.0063086253113548
Archocentrus_centrarchus	41106	17605	0	0.654862261274555	0.0017275281255352	0.423891821166917	0	0.598289613495937	0.000626788542333719	0.00691636855107858	0.392687159000882	0.000229694033851794	0.000887412253327176
Dermochelys_coriacea	55150	13791	0	0.712834477713576	0.000419574296156009	0.811176030211977	0	0.5618710540685	0.00139578625718955	0.0268678920319954	0.459469447653804	0.000677891248029669	0.00601763104571263
Thrips_palmi	27217	13092	0	0.605125887000538	0.00469940664483682	0.829037246786255	0	0.608827361820902	0.00211714990799777	0.0586825823115848	0.434729827643284	0.00114045082035528	0.0162149301941823
Eumeta_japonica	96513	12592	0	0.806043474876073	0.0000178130551022774	0.472832455162025	0	0.491692535796368	0.00134115012710189	0.0226490246898528	0.31052207727743	0.000434220807234202	0.00202933899665022
Nylanderia_fulva	24514	10826	0	0.715535641153413	0.000389631111362199	0.643108193445623	0	0.443668112290827	0.00137469397394588	0.0204587964092056	0.249605751511996	0.000638097072634207	0.00417509938106594
Varanus_komodoensis	18293	11425	0	0.699323565549813	0.000600470669210685	0.798618330981029	0	0.538940001046222	0.0013556887366665	0.0209979155370263	0.445452153473226	0.000661947350541492	0.0048558475359588
Anarrhichthys_ocellatus	41887	19823	0	0.672448627952718	0.00116114963818874	0.372547977744071	0	0.661462511726756	0.000638601798554852	0.00808406237284005	0.394792237007966	0.000231025697750043	0.00100330326704677
Cottoperca_gobio	37849	15695	0	0.533834586466165	0.0153370468002174	0.349059951857093	0	0.633850589517044	0.000670743393289528	0.00706112870087413	0.381858853216481	0.000270397976205386	0.00109694532823613
Phyllostomus_discolor	46999	747	0	0.559224583672166	0.0103621250284247	0.900209058141176	0.00000000000000000000000000000000000000000000000000000000000000000000000000000000000000000000000000000000000000000000000000000000000000000000000000000000000000000000000000000000000000000000000000000000000000000000000000000000000000000000000000000000000000000000440562708103459	0.586116355405495	0.00584364280402716	0.0255086764321306	0.447948936485252	0.00324024367587626	0.00754890975784134
Onychomys_torridus	43242	15869	0	0.581640495730927	0.0071429248489124	0.782552957779686	0	0.599727831585797	0.000966216595904587	0.0148148939023868	0.459201125287047	0.000495475418699007	0.00361173554155027
Suricata_suricatta	43269	15177	0	0.60489749450816	0.00471930096325168	0.856818231480344	0	0.629399373266373	0.00129169569004211	0.0253224868978547	0.475265898324433	0.000782902106948385	0.00879378861794438
Strigops_habroptila	43613	1939	0	0.689006805467952	0.000779674238294545	0.799479037410907	0	0.54816771001209	0.00339292901803652	0.022321704636261	0.438257625025917	0.00178122232347979	0.00587276573944174
Drosophila_guanche	22824	12307	2	0.868356569649938	0.000000692574136425392	0.465498220285487	0	0.663044915404768	0.000880342040987316	0.00953795095705938	0.405747089913671	0.000643502581308645	0.0042573165772833
Marmota_flaviventris	37627	13726	0	0.511681789879658	0.0211015827360575	0.87594585198596	0	0.584069235279925	0.00137155899120849	0.0258209952349239	0.443026177926374	0.000790700585200677	0.00793013085739902
Electrophorus_electricus	45294	19578	0	0.32781954887218	0.158243868264064	0.680208596446734	0	0.611641079586887	0.000739250805878572	0.0106992155596577	0.399653122321094	0.000343033633348684	0.00219328977998696
Apteryx_rowi	37618	12049	0	0.791248800021371	0.0000325709010707523	0.875767245951464	0	0.557660190617164	0.00162108509104618	0.0316637703956948	0.453367195486588	0.00103533172320261	0.012321625877416
Ceratotherium_simum	33629	14482	0	0.610463317239399	0.00425382530035651	0.867867534026343	0	0.611450144477902	0.00139412613537567	0.0281470368011297	0.459226817838503	0.000777563295486652	0.00823894795375682
Micropterus_salmoides	47899	22576	0	0.803779307811814	0.0000195998007885902	0.363068419956359	0	0.609637112852074	0.000594452271894284	0.0079777602163768	0.384471267410459	0.000217858728891288	0.00101099713098868
Drosophila_subpulchrella	25688	12515	0	0.856928682647573	0.00000140249024033628	0.38801194559232	0	0.668159552476478	0.00106247120904595	0.0141274960516953	0.34392538904369	0.00068580304890809	0.00492101907445215
Molossus_molossus	42753	12553	0	0.597513816822547	0.00540094910724073	0.86118470473148	0	0.601658710085492	0.00143405123372421	0.0258152814176943	0.458699579682226	0.000740913940781958	0.00642604929225296
Pipistrellus_kuhlii	53802	15213	0	0.617596868718971	0.00371338138860357	0.865081709737889	0	0.671252184039774	0.00153431812047904	0.0358134115586537	0.483298878527278	0.000869148443988264	0.0105924854660102
Arctia_plantaginis	18801	12279	0	0.837545320241557	0.00000408472411016861	0.278283914423775	0.0000000000000000000000000000000000000000000000000000000000000000000000000000000000000000000000000000000000000000000000000000000000000000000000000000000000000000000000000000000000000000000000000314378720334713	0.446252716829334	0.00109373817552879	0.0146889157911626	0.342042507075243	0.000397283028441364	0.00173112116981296
Contarinia_nasturtii	24963	13475	0	0.784554521782134	0.0000421438979184583	0.14687986793891	0.00000000000000000000000000000000000000000000000000000000000009080438287465	0.346508881013763	0.00037201602155097	0.001864885025916	0.270266725075863	0.000394374167358125	0.00196171229967106
Talpa_occidentalis	39507	17743	0	0.718163101259667	0.000362269718912035	0.873362877363973	0	0.623711376535041	0.001336354486321	0.0316862179045153	0.476341141042	0.000865186195799928	0.0120980190932953
Grammomys_surdaster	38183	16374	0	0.643534451704081	0.00220281949877907	0.785324339818779	0	0.587454628637964	0.000909418313113295	0.0135419802755298	0.450343703091016	0.000461376176534608	0.00319642553172579
Pipra_filicauda	35857	14298	0	0.675476507503825	0.00108156237204403	0.867327988553764	0	0.62280890558288	0.00144274997684983	0.0297616801335214	0.467257823239199	0.000864880003325337	0.0100937470675316
Cyanistes_caeruleus	31326	13080	0	0.552120472966851	0.0115984683536471	0.834374147950679	0	0.586634790789542	0.0013831275653229	0.0250225875543853	0.443059283823274	0.000767940474683739	0.00727317181858477
Paramormyrops_kingsleyae	55288	21153	0	0.761337122777819	0.0000965410403515868	0.653145615021079	0	0.673835096896751	0.000703791592003322	0.0104775590630271	0.425269702318607	0.000325013321943377	0.0021176379708071
Melanaphis_sacchari	19074	10478	0	0.783196303515407	0.0000443574829189784	0.633262775335895	0	0.330689588015136	0.0015395595330495	0.0248354119777099	0.218701938332933	0.000474393751151004	0.00215799899511631
Piliocolobus_tephrosceles	55454	14508	0	0.72186722716718	0.000326486152330497	0.861989114150791	0	0.558594460350721	0.00155011651104125	0.0348607102577216	0.445309024625308	0.000866781129058531	0.00993306323917368
Mastomys_coucha	54407	17436	0	0.558525007881176	0.010478904976076	0.772551873093945	0	0.591108725355391	0.000886141675833857	0.0136915679064111	0.451054687668122	0.00045010207541976	0.00323134045883994
Acanthochromis_polyacanthus	36596	20139	0	0.481203007518797	0.0317110446244624	0.192154333578694	0.0000000000000000000000000000000000000000000000000000000000000000000000000000000000000000000000000000000000000000000000000000000000000000000000000000000000000385345539667345	0.635778848934507	0.000660147886905614	0.00877648018904839	0.379625150215271	0.000212111458543269	0.000858613412812712
Mus_pahari	42226	13748	0	0.567551210774164	0.00905149901003436	0.792978192765182	0	0.598932405260889	0.00101192509231712	0.0140778474115541	0.456381106355119	0.000503536488435944	0.00326951429292865
Miniopterus_natalensis	29787	14317	0	0.534049112841949	0.0152881792749048	0.846864683377112	0	0.610414718821343	0.00132085925183751	0.0249784284090295	0.455084846350146	0.000737134005508979	0.00735989981244259
Myotis_myotis	61156	15104	0	0.611908119856086	0.00413941486351589	0.846780620735255	0	0.640492901794382	0.00141057278297263	0.0300526640608577	0.479158307925019	0.000771059332497851	0.00823427504511364
Sturnus_vulgaris	26611	11297	0	0.91069486824102	0.0000000247253609710913	0.856438306109983	0	0.614313674845674	0.0015618756245665	0.0275585284063495	0.45707713812876	0.000899163686948704	0.00871800520730285
Octopus_bimaculoides	23994	3759	0	0.700751879699248	0.000578664102019436	0.274991727896659	0.00000000000000000000000000000000000000000000000000000000000675123370586616	0.336907602354958	0.000949311338726186	0.00338758079503839	0.358019915073235	0.000374717460651545	0.00047614107750043
Lynx_pardinus	31025	15954	18	0.365211247899619	0.113336848210382	0.862455489952434	0	0.604566393610437	0.00127917522632192	0.0261053588482283	0.465123248342183	0.000725303258439689	0.00797987720457131
Lynx_canadensis	42066	1795	0	0.641325211205879	0.00230719453281466	0.871512286838956	0	0.551647317724103	0.00358588025348561	0.0230810742602467	0.433578203646213	0.00177534593042354	0.00539912448478618
Calidris_pugnax	30889	12154	0	0.572948307050712	0.00827657622860123	0.870406305129508	0	0.591946960749988	0.00146287939409389	0.0260097559427104	0.457296906085521	0.000841699524174146	0.00823015761985474
Nicrophorus_vespilloides	19577	10677	0	0.735297463192973	0.000220827325488542	0.579668656804636	0	0.51932822619518	0.0011991208022911	0.0153523589877483	0.265677776406357	0.000610318832318608	0.00364629557556304
Dinoponera_quadriceps	22408	9613	0	0.728859447897416	0.000267096657478177	0.737211488054435	0	0.578026656969733	0.00156196243856643	0.0234530923777005	0.354682791724659	0.000772673890189559	0.00540128463743329
Gekko_japonicus	24464	14578	0	0.604966311213022	0.00471329932255597	0.787045589504473	0	0.572450073050086	0.00120425916414117	0.0211416006795453	0.459268318445997	0.000389183876997024	0.00206475847643997
Pantherophis_guttatus	41701	16402	0	0.741418245821552	0.000183372670671642	0.760927342379919	0	0.513789551406433	0.00112837138949287	0.0208833871230527	0.411069399988618	0.000473529063242836	0.003438563580236
Hermetia_illucens	24828	10870	0	0.904639409801862	0.0000000436244108844205	0.144644673827508	0.00000000000000000000000000000000000000000000000402235994173736	0.426604058160408	0.000766026950801843	0.00637848653528635	0.395308256459635	0.000544931185758243	0.00298434747197944
Scaptodrosophila_lebanonensis	19800	10830	0	0.874392062749156	0.000000464510850384983	0.367969640613246	0.0000000000000000000000000000000000000000000000000000000000000000000000000000000000000000000000000000000000000000000000000000000000000000000000000000000000000000000000000000000000000000000000000000000000000000000000000000000000000000000000000000000000000000000000000000000000000000000000000000000000191463785391836	0.545020079626311	0.000792345444098947	0.00679919640915459	0.336186217899144	0.000558345878218353	0.0029320098759988
Zootoca_vivipara	44296	17514	0	0.595104633451366	0.00564014940700816	0.742554389170816	0	0.567960599025906	0.00102979933655491	0.0185733636008863	0.441648855836663	0.0002913632640182	0.00138298455843066
Manis_javanica	55869	16258	0	0.564532321355152	0.00951009122254488	0.838389313539113	0	0.611354455895179	0.0012258955908245	0.0244328475535447	0.458147217630987	0.00074760914661454	0.00848327920115191
Sander_lucioperca	56557	19845	0	0.746707288164591	0.000155525179777909	0.406458872957077	0	0.619936727642555	0.000645091930767251	0.00825836972495353	0.386290494287631	0.000219558756798529	0.000907671671896937
Colossoma_macropomum	43618	17624	0	0.758931982967297	0.000104648193626729	0.437785944433402	0	0.60182086071309	0.000698616273345067	0.00860165222667005	0.376207991136958	0.000185399086474146	0.000579147665501532
Perca_fluviatilis	49921	21815	0	0.70853709410822	0.000471241544220902	0.38750816001789	0	0.621062901886193	0.000640750612777799	0.00895639580171436	0.386177421255296	0.000204798967210313	0.000860201131446159
Periophthalmus_magnuspinnatus	27511	421	0	0.622272561409414	0.00339103799188676	0.460737702481591	0.0000000000000000000000883094319627048	0.582416298635827	0.00458903911632246	0.00886595688468893	0.36497007693479	0.00158353916930564	0.00102059169439516
Ophiophagus_hannah	18445	9772	0	0.661129890285997	0.00150377874922519	0.757141854427614	0	0.498653110111688	0.00131645957342584	0.0169355190803155	0.403108010249769	0.000673553148162087	0.0041411348425466
Crotalus_tigris	51661	15962	0	0.719509479221801	0.000348895145547798	0.774482205440448	0	0.51412146300834	0.00118288762749614	0.0223343997492425	0.410636215484957	0.000498397464441952	0.00372798768869301
Thamnophis_elegans	30876	14328	0	0.638495112120934	0.00244690558293717	0.760623917026483	0	0.520150987663486	0.00126467985668903	0.022916420124702	0.418459270923561	0.000535713005448887	0.00387807457631026
Naja_naja	25817	12093	0	0.654096564627712	0.00175668154305007	0.74905431466158	0	0.51782958694151	0.00133206249835848	0.0214577043108532	0.414108460609336	0.000612971798187794	0.00425406516407964
Aquila_chrysaetos	52413	14807	0	0.6305095926567	0.00287969078033109	0.881201451013337	0	0.590959685706277	0.00142713564602291	0.0301576560648737	0.471498268568165	0.000937248329066004	0.0123481527872474
Catharus_ustulatus	36071	15352	0	0.514525786708304	0.020277576909566	0.803202256037564	0	0.634777366858969	0.00137361165219819	0.0289662913236307	0.46659540187182	0.000773269555293418	0.00863912099271589
Corvus_cornix	36899	13353	0	0.735180759073148	0.000221600609666462	0.860142863105819	0	0.610298812749211	0.00142065480811958	0.0269498268994257	0.461129832665424	0.00083518277193187	0.00879794920131361
Hirundo_rustica	37939	13225	0	0.713231383438303	0.000415055545828353	0.863151422059581	0	0.628473058628604	0.00148336926145017	0.0291000832379062	0.469217227751898	0.000876967264828397	0.00963108344117986
Panthera_leo	53278	16885	0	0.708051366730663	0.000477407543368606	0.855095835023082	0	0.622915259307933	0.00126171142147999	0.0268794967818063	0.470779518064197	0.000746277763044029	0.00850377179860616
Pteropus_giganteus	53198	14450	0	0.668679297078543	0.0012670661160696	0.869913209630168	0	0.60841374595242	0.00136911336625291	0.0270861118694766	0.450110625303318	0.00084689508103304	0.00974143522157124
Myotis_brandtii	40808	14902	0	0.323530883804908	0.164082669310644	0.849381151669193	0	0.617338807473959	0.00136467050253912	0.0277523758006166	0.469007930638254	0.000767092644205007	0.00820214144849562
Phascolarctos_cinereus	46908	12656	0	0.85520751103675	0.0000015515977736593	0.813168568504124	0	0.542467934751014	0.00121948099352175	0.0188211665569055	0.42613552019306	0.000609613210988257	0.0044509917539957
Trichechus_manatus	36406	12646	0	0.737674538710987	0.000205571135198273	0.862288050334853	0	0.578493767191976	0.001414477607863	0.0253014453371822	0.441318688316846	0.000707343758321714	0.00593947906941592
Caenorhabditis_elegans	28350	16605	0	0.818833843748904	0.0000101337770085397	0.24390479167439	0.00000000000000000000000000000000000000000000000000000000000000000000000000000000000000000000000000000000000000000000000000000000000000000000000000000000000000000000000000000000000000000000000000000000000000000000000000451900511666831	0.409482122268339	0.000696268230587731	0.00804992879941242	0.294053571347438	0.000440101710448861	0.00315268424444479
Meriones_unguiculatus	38763	15681	0	0.658374036274323	0.00159896022146396	0.81383235036708	0	0.617002332039342	0.00106960212175727	0.0179398276469437	0.463900916643217	0.000561161906243571	0.00461426904358222
Bactrocera_oleae	18715	9825	0	0.846386502017462	0.00000255404507247769	0.425689747705879	0	0.414911077363353	0.000843494432819326	0.00699031908178746	0.280976020474467	0.000632913823968028	0.00351308579815742
Gigantopelta_aegis	33249	15600	0	0.561113240132412	0.0100521198290716	0.360536478635553	0	0.501636245642009	0.00077979385867639	0.00948602400765884	0.363280849991154	0.000228497536349527	0.000739988262121626
Acinonyx_jubatus	56261	8880	0	0.667421145870772	0.00130418038684656	0.871618058860138	0	0.608550252725907	0.00172953231531617	0.0265625844239393	0.463855342832306	0.00098404232767285	0.00820183389346075
Neomonachus_schauinslandi	28381	14085	0	0.696536934489459	0.000645025783651885	0.865311655650833	0	0.616641784863771	0.00141147125819627	0.0280608569225789	0.468446424278589	0.000790821798498197	0.00823087777857276
Vulpes_lagopus	52703	16634	0	0.719670264116456	0.000347326439401902	0.847671733678095	0	0.618016022061036	0.00129675807258938	0.0279714266514669	0.46858028635852	0.00079860217912702	0.00961495178107487
Halichoerus_grypus	60137	12682	0	0.605194213391463	0.00469346849055597	0.864891000216625	0	0.614402621182984	0.00146936767101052	0.0273809624338113	0.469561311731039	0.000844553431980398	0.00850361089467978
Nyctereutes_procyonoides	27168	18409	0	0.724945334115215	0.000299085947103483	0.824207374523531	0	0.614256142616963	0.00122424906344493	0.0275911472278867	0.469909358573603	0.00075646513171531	0.00948773083540759
Vulpes_vulpes	37915	15844	0	0.570245832307195	0.00865753372413842	0.852223747222344	0	0.609432896524772	0.00130924154089385	0.027158412906099	0.464082743611465	0.000801363883236702	0.00949276497235145
Leptonychotes_weddellii	40286	17428	0	0.651340375057341	0.00186505854859753	0.853091708064667	0	0.615779351679343	0.0012394110121574	0.0267718419431899	0.471409066507832	0.000729225350052723	0.00861466770078418
Mirounga_leonina	45186	17491	0	0.652066798643501	0.00183596552460742	0.848308632138479	0	0.613096839906453	0.00124205987850078	0.0269835885664981	0.465557365579987	0.000723313166367045	0.00802299499837319
Puma_concolor	23358	8977	0	0.622645942671123	0.00336633203859985	0.876964023823558	0	0.576341654150607	0.00166542766096981	0.0248990497115501	0.44952737094621	0.000893905905706877	0.00683442662190753
Orbicella_faveolata	32587	10051	0	0.667419301052177	0.00130423547122068	0.319984604794384	0.00000000000000000000000000000000000000000000000000000000000000000000000000000000000000000000000000000000000000000000000000000000000000000000000000000000000000000000000000000000000000000000000000000000000000000000463137239686353	0.429215546725049	0.000581311247722855	0.00339646172839421	0.373729510287065	0.000226404509773774	0.000460664651386531
Hydra_vulgaris	32703	14331	0	0.826808166561542	0.00000697073329602801	-0.084284969045377	0.0000000000000000000129321714281814	0.247236079783527	0.000314664930406405	0.00141896989808691	0.246905159809317	0.000331523118037289	0.00133614642323152
Stylophora_pistillata	33252	19087	0	0.543675315352854	0.0132207777444294	0.289057479956985	0.000000000000000000000000000000000000000000000000000000000000000000000000000000000000000000000000000000000000000000000000000000000000000000000000000000000000000000000000000000000000000000000000000000000000000000000000000000000000000000000000000000000000000000000000000000000000000000000000000000000000000000453943346372565	0.419353056446754	0.000377933210578087	0.00272626323701359	0.366517060891641	0.000203044644603071	0.000663055894831061
Ancylostoma_ceylanicum	15892	10443	2	0.226502519090087	0.336911121372758	0.186907927813778	0.00000000000000000000000000000000000000000000000000000000000000000000000000000000163647024051473	0.508971612543731	0.000710622383484284	0.00527354970724448	0.411669248302768	0.000311364813477219	0.000997207612179544
Alligator_mississippiensis	42388	16607	0	0.57466324815697	0.00804200553647677	0.814745554293734	0	0.571004968987775	0.00131131481479994	0.0285565094481339	0.478536198698696	0.000684529693041025	0.00735062858857247
Daphnia_galeata	15649	13387	2	0.517293233082707	0.019500547061355	0.445513841479754	0	0.429770218748161	0.000691392022893435	0.0063992929548159	0.286202778670413	0.000518056886946301	0.00348361053670015
Ramazzottius_varieornatus	23007	17418	0	0.858610994450797	0.00000126900271020005	0.113738288695434	0.000000000000000000000000000000000000000000215437749242932	0.570270761650757	0.000455997039632806	0.00362178222208033	0.429912208695916	0.000285058361064532	0.00119075867704433
Puntigrus_tetrazona	48681	22104	0	0.672686420677166	0.00115472587222124	0.30105569738306	0	0.588811114962901	0.000687186773046146	0.0104380760118398	0.345908390247265	0.00026683145528863	0.00149119239073065
Caenorhabditis_nigoni	44605	20124	0	0.746145220122457	0.000158300903032986	0.228982202885277	0.000000000000000000000000000000000000000000000000000000000000000000000000000000000000000000000000000000000000000000000000000000000000000000000000000000000000000000000000000000000000000000000000000000000000000000000000000000000000911236036158222	0.444047799541987	0.000557643322294941	0.0062578812912904	0.320650895819359	0.000365972086403843	0.00259352833927061
Lepidothrix_coronata	36671	13889	0	0.83817910415385	0.00000395317777178128	0.871454741563334	0	0.616630358055801	0.00145719279435563	0.0294920531556762	0.463229747580765	0.000851866479292667	0.00957892978076078
Owenia_fusiformis	30799	16275	0	0.472317221739249	0.0354817446640186	0.0779122870957352	0.000000000000000000203620686633834	0.392500304649834	0.000411162441967612	0.00275136286121963	0.331854178149244	0.000179168562827287	0.000428200226526741
Betta_splendens	49263	21345	0	0.269578618969975	0.250390122221721	0.728092729510365	0	0.663724217294636	0.000850253028237836	0.0154309453757293	0.420794648938195	0.000420102578220366	0.00356713859390819
Onychostruthus_taczanowskii	32357	12804	0	0.6100988924743	0.0042830924982807	0.857634922485261	0	0.636833708430171	0.00151864957249123	0.0295298206936519	0.468951719679084	0.00090926200166948	0.010075692283656
Numida_meleagris	43240	13867	0	0.749164191928883	0.00014387597992505	0.872035822340989	0	0.591832293717596	0.00140516396563205	0.0273801941768999	0.465597191132594	0.000862310031158067	0.00976467404172408
Papilio_machaon	18225	12034	0	0.840878637395041	0.00000343330618065664	0.449322664070422	0	0.472542543375424	0.0014261684187924	0.0244766308213275	0.307492680232535	0.000428751094544344	0.00197283674151514
Mustela_putorius	57554	9236	0	0.694802076979448	0.000674154763900572	0.88532209282749	0	0.607137847274668	0.00170827086716912	0.0269523968884946	0.466447920844827	0.000990947052980567	0.00860407425358684
Lates_calcarifer	45223	22530	0	0.788563052426924	0.0000361575447948441	0.468987962205909	0	0.617856638180987	0.00060467115334166	0.00823758089899001	0.383125686043438	0.000211552862995656	0.000949871924175367
Takifugu_flavidus	29408	18458	0	0.486427552573813	0.0296451426436393	0.638324386804095	0	0.656991205366222	0.000670605491908005	0.00830077903439514	0.433185115324409	0.000419906921344728	0.00311666453615753
Tursiops_truncatus	55739	15611	0	0.536145186331346	0.0148172595673171	0.852456175769382	0	0.621338642476268	0.00133723028255839	0.027915353359137	0.465721066731551	0.000748680074968748	0.00800257051891243
Elysia_chlorotica	23871	12332	0	0.752445660712713	0.000129489464586906	0.518743966017164	0	0.543798482733872	0.00115009740787852	0.0163118329551129	0.348597487581933	0.000357233911165346	0.0013961197761142
Haliotis_rufescens	55609	22512	0	0.819278037540034	0.00000992948664878353	0.37369625663939	0	0.54572676701109	0.000566515927662803	0.00722500795020759	0.400799744999949	0.000210708934240287	0.000915758406983941
Trichuris_suis	9829	8516	0	0.735416351347586	0.000220041942956598	0.310258266290222	0.00000000000000000000000000000000000000000000000000000000000000000000000000000000000000000000000000000000000000000000000000000000000000000000000000000000000000000126608774644848	0.489933679319902	0.000592422975327443	0.00298881778412161	0.389328015330542	0.000493342557489458	0.00177648083004172
Homarus_americanus	40732	14420	0	0.711061149373514	0.000440278331298103	0.454479821719296	0	0.526256857832656	0.00104460074042553	0.015734969993463	0.383585306304355	0.000332938779731664	0.00150055250371315
Echinococcus_granulosus	11319	8052	41	0.382184502368375	0.0963216556604972	0.279972661959756	0.000000000000000000000000000000000000000000000000000000000000000000000000000000000000000000000000000000000000000000000000000000000000103750395755288	0.508386263732632	0.000717091149837708	0.00414049716269766	0.391189888615607	0.000407003537828825	0.00122930260003424
Schistosoma_haematobium	8934	6912	12	0.628491285814138	0.00299861988859473	0.276186451907598	0.000000000000000000000000000000000000000000000000000000000000000000000000000000000000000000000000000000000000000464824659134809	0.260440542313969	0.000942670074278742	0.00614218891811805	0.340892673071994	0.000409963629077506	0.00107228773032162
Acropora_digitifera	33878	20835	2	0.54587107100711	0.0127823664716622	0.367882836239767	0	0.419515758655737	0.000358712251986716	0.00268093278507832	0.372365523103602	0.000208608484926711	0.00076151273220983
Pieris_rapae	20497	10290	0	0.822204144297016	0.00000867090593566598	0.546027037277792	0	0.405224211519922	0.00111296567262169	0.0127461467349885	0.292311096225401	0.000407465329544114	0.0015593349269784
Coptotermes_formosanus	12984	7994	0	0.784272554860928	0.0000425954240962813	0.44714839162578	0	0.430436913893311	0.000903001248159808	0.0065183975659003	0.382419355080545	0.000313798299891291	0.000704745302665956
Myotis_lucifugus	43106	13974	0	0.385029742827977	0.0936631743616783	0.841094634968652	0	0.61846857430231	0.00141501783453439	0.0279797974464322	0.464999629463282	0.000734802529772349	0.00702401126369781
Gymnogyps_californianus	25288	11878	0	0.525286758908002	0.017388666717283	0.861811723973928	0	0.562646305614103	0.00154061999167962	0.0281925512901857	0.451207162010097	0.000916135266533193	0.00954120590062788
Fundulus_heteroclitus	49534	21929	0	0.646107604924587	0.00208625407142047	0.364722911369976	0	0.668955162638171	0.00076982657414862	0.012995848054086	0.395891714493016	0.000255206044702592	0.00133959641619838
Pteropus_vampyrus	43630	14076	0	0.704820076413118	0.000520197986115469	0.875399601288635	0	0.601840349394966	0.0013741092318075	0.0265779679228918	0.450318458270594	0.000864232224093078	0.00992850630287942
Necator_americanus	19153	3508	0	0.43808834849979	0.0533607259021772	0.194478586810658	0.000000000000000000000000000000546214586814156	0.43135329645799	0.000845197532319999	0.00250597091118847	0.373817606991645	0.000511898546334927	0.000911375543411064
Dictyocaulus_viviparus	14171	10742	0	0.725698915543609	0.000292685154794927	0.121107002379251	0.00000000000000000000000000000000000380694270551679	0.352716467438841	0.000422595662810165	0.00191838256617529	0.321892738579459	0.000248812691486765	0.000660431935086064
Melitaea_cinxia	14667	10317	0	0.830320519974834	0.00000587633650529828	0.431798135125567	0	0.435023523668874	0.00137837121483713	0.0196013426431836	0.316950070910653	0.000519326823540042	0.00249985254088907
Clonorchis_sinensis	14408	9220	0	0.541964967216235	0.013570607696038	0.269447891413487	0.0000000000000000000000000000000000000000000000000000000000000000000000000000000000000000000000000000000000000000000000000000000000000000480664800896751	0.469396824204073	0.000410297065231047	0.00155212874561708	0.436619115673516	0.000305586601720938	0.000769477330287136
Acropora_millepora	41860	19227	0	0.635816583302243	0.00258556680885908	0.342947643205083	0	0.419935176935702	0.000355756512192894	0.00243342095537006	0.37197999758475	0.000184175010689542	0.000542794793869009
Drosophila_mauritiana	23239	11282	0	0.87104468716706	0.000000581125303295246	0.441166065480861	0	0.66814748215779	0.000972508272962067	0.0106702035509326	0.369307072095119	0.00067501581306317	0.0043582573175232
Drosophila_sechellia	23935	11345	0	0.850242496932508	0.00000206202854826117	0.435424387121105	0	0.66406669323405	0.000974757544275721	0.010779477504539	0.366664227142734	0.000676703780849223	0.00441946319570787
Drosophila_erecta	23135	9749	0	0.815582088796463	0.0000117437206317967	0.470832534631299	0	0.674826944741756	0.00103095620032089	0.0103619263273689	0.378011325363212	0.000690472726843548	0.0040071054896566
Acanthocheilonema_viteae	10138	7593	0	0.690204486596956	0.000756792378209657	0.53876003925216	0	0.315560312414351	0.000525741133963735	0.00209873359737561	0.272712761433461	0.000412563412747624	0.0012920532513627
Varroa_destructor	30221	9433	0	0.797741527626578	0.0000251432939091761	0.435905578336384	0	0.495488745369096	0.00053971501753425	0.00274776026733377	0.371546277135581	0.000355916052921741	0.00109207583682684
Loa_loa	15440	8292	0	0.685464447230919	0.000850805990581939	0.533788636144671	0	0.333192026650073	0.000612025130067908	0.00310597390854883	0.295502942568894	0.000442450823198436	0.0015825459169915
Steinernema_carpocapsae	36556	18172	0	0.811747908518527	0.0000139232609227453	0.360092041023093	0	0.629340191190665	0.000701945219572824	0.00895383670276087	0.383479686407504	0.00045441547458437	0.0034616557522537
Penaeus_chinensis	34830	12623	0	0.783133418236798	0.0000444623564455567	0.411559705552562	0	0.580143884687612	0.00135777197077	0.0232710650587349	0.359101724346315	0.000541144183373194	0.00348681048285422
Lepeophtheirus_salmonis	20654	12431	2	0.303743746297436	0.192938255985483	0.264455426304551	0.000000000000000000000000000000000000000000000000000000000000000000000000000000000000000000000000000000000000000000000000000000000000000000000000000000000000000000000000570355528038097	0.346786235902229	0.000539490095725361	0.00361803712244837	0.269307227578843	0.000504713417521222	0.00269790509785065
Chloebia_gouldiae	18989	11965	0	0.542783225709735	0.0134023240298193	0.838940857142462	0	0.624237695671019	0.00150426298246786	0.0270744871958622	0.464450132904152	0.000929311610059532	0.00982626914043339
