TTT	TCT	TAT	TGT	TTC	TCC	TAC	TGC	TTA	TCA	TTG	TCG	TGG	CTT	CCT	CAT	CGT	CTC	CCC	CAC	CGC	CTA	CCA	CAA	CGA	CTG	CCG	CAG	CGG	ATT	ACT	AAT	AGT	ATC	ACC	AAC	AGC	ATA	ACA	AAA	AGA	ATG	ACG	AAG	AGG	GTT	GCT	GAT	GGT	GTC	GCC	GAC	GGC	GTA	GCA	GAA	GGA	GTG	GCG	GAG	GGG
Microtus_ochrogaster	0	1	0	0	2	1	2	2	0	0	0	0	0	0	1	0	1	0	0	2	1	0	0	0	0	1	0	0	0	1	1	0	0	0	1	2	0	0	0	0	0	0	0	1	0	1	1	0	1	1	0	2	1	0	0	0	0	1	0	1	0
Melospiza_melodia	0	1	0	0	2	1	2	2	0	0	0	0	0	0	1	0	1	0	1	2	1	0	0	0	0	1	0	1	0	1	1	0	1	1	1	2	1	0	0	0	0	0	0	1	0	1	1	0	1	0	1	2	1	0	0	0	0	1	0	1	0
Lonchura_striata	0	0	0	0	2	0	2	1	0	0	0	0	0	0	1	0	1	0	1	2	1	0	0	0	0	1	0	1	0	1	1	0	1	1	1	2	1	0	0	0	0	0	0	1	0	1	1	0	1	0	1	2	1	0	0	0	0	1	0	1	0
Callithrix_jacchus	0	1	0	0	2	1	2	2	0	0	0	0	0	0	1	0	1	0	1	2	0	0	0	0	0	1	0	1	0	1	1	0	0	0	1	2	0	0	0	1	0	0	0	0	0	0	1	0	1	0	1	2	1	0	0	0	0	1	0	1	0
Pelodiscus_sinensis	0	1	0	0	1	0	1	1	1	0	0	0	0	0	0	0	0	0	0	2	0	0	1	0	0	0	0	1	0	1	0	0	0	0	0	1	0	0	1	0	0	0	0	1	1	1	1	0	0	0	1	2	0	0	0	1	1	0	0	0	0
Panthera_tigris	0	0	0	0	2	0	2	2	0	0	0	0	0	1	1	0	0	1	1	2	0	0	0	0	0	0	0	1	0	1	1	0	1	1	1	1	1	0	0	0	0	0	0	1	1	1	1	0	1	1	1	2	1	0	0	0	0	0	0	1	0
Monodelphis_domestica	0	1	0	0	2	1	2	1	0	0	0	0	0	0	1	0	1	0	1	2	1	0	0	0	1	1	0	1	0	1	1	0	0	1	1	2	0	0	0	0	1	0	0	1	1	1	1	0	1	1	1	1	1	0	0	1	0	0	0	0	0
Heterocephalus_glaber	0	0	0	0	2	0	2	2	0	0	0	0	0	0	1	0	0	0	1	2	0	0	0	0	0	1	0	1	0	1	1	0	0	1	0	2	1	0	0	0	1	0	0	1	0	1	1	0	1	1	0	2	1	0	0	1	0	0	0	0	0
Macaca_mulatta	0	1	0	0	2	1	2	2	0	0	0	0	0	0	1	0	1	0	1	2	1	0	0	0	0	1	0	1	0	1	1	0	0	0	1	1	0	0	0	1	0	0	0	0	0	0	1	0	1	0	1	2	1	0	0	0	0	1	0	0	0
Ornithorhynchus_anatinus	0	0	0	0	1	0	2	2	0	0	0	0	0	0	1	0	0	0	0	2	0	0	0	0	0	1	0	1	1	1	0	0	0	0	0	2	1	0	1	1	0	0	0	0	0	1	1	0	0	0	0	2	1	1	0	0	0	0	0	1	0
Erinaceus_europaeus	0	1	0	0	2	1	2	2	0	0	0	0	0	1	1	0	0	1	1	2	0	0	0	0	0	1	0	1	0	1	1	0	1	1	1	2	1	0	0	0	0	0	0	1	1	1	1	0	1	1	1	2	1	0	0	0	0	0	0	0	0
Felis_catus	0	0	0	0	2	0	2	2	0	0	0	0	0	1	1	0	0	1	1	2	0	0	0	0	0	0	0	1	0	1	1	0	1	1	1	1	1	0	0	0	0	0	0	1	1	0	1	0	1	0	1	2	1	0	0	0	0	1	0	1	0
Rattus_norvegicus	0	1	0	0	2	1	2	2	0	0	0	0	0	0	1	0	0	0	1	2	0	0	0	0	0	1	0	1	0	1	1	0	1	1	1	2	1	0	0	0	0	0	0	1	1	1	1	0	1	1	0	2	1	0	0	1	0	1	0	0	0
Mus_musculus	0	0	0	0	2	0	2	2	0	0	0	0	0	0	0	0	1	0	0	1	1	0	1	0	0	1	0	1	0	1	1	0	1	1	1	2	1	0	0	0	0	0	0	1	0	0	1	0	0	0	1	2	1	0	0	0	0	1	0	1	0
Bos_taurus	0	0	0	0	1	1	1	1	0	0	1	0	0	1	1	0	0	1	1	1	0	0	0	0	0	0	0	1	0	1	1	0	0	1	0	2	0	0	0	1	0	0	0	0	1	0	1	0	0	0	0	1	0	0	0	1	0	1	0	0	1
Crocodylus_porosus	0	1	0	0	1	1	2	2	1	0	0	0	0	0	0	0	0	0	0	2	0	0	1	0	0	0	1	1	0	0	1	0	0	0	1	2	0	1	0	1	1	0	0	0	0	0	0	0	1	0	0	2	1	0	1	0	0	1	0	1	0
Gallus_gallus	0	1	0	0	2	1	2	2	0	0	0	0	0	0	1	0	1	0	1	2	1	0	0	0	0	1	0	1	0	1	0	0	0	1	0	2	0	0	1	0	0	0	0	1	0	1	1	0	0	0	1	2	0	0	0	0	1	0	0	1	0
Loxodonta_africana	0	0	0	0	1	0	2	1	0	0	1	0	0	0	1	0	0	0	1	1	0	0	0	0	0	0	0	1	0	1	0	0	1	1	0	1	1	0	1	1	1	0	0	0	0	0	1	0	0	0	1	2	0	1	0	1	1	0	0	0	0
Cervus_elaphus	0	0	0	0	1	0	1	1	0	0	1	0	0	0	1	0	0	0	0	1	0	0	1	0	0	0	0	1	0	1	1	0	0	1	0	2	1	0	0	1	0	0	0	0	1	0	1	0	0	0	1	1	0	0	0	1	0	1	0	0	1
Sus_scrofa	0	0	0	0	2	0	2	1	0	0	0	0	0	0	1	0	1	0	1	2	1	0	0	0	0	1	0	1	0	1	1	0	1	1	1	1	1	0	0	1	0	0	0	0	0	1	1	0	1	1	1	2	1	0	0	1	0	1	0	0	0
Canis_lupus	0	1	0	0	2	1	2	2	0	0	0	0	0	0	1	0	0	0	1	2	0	0	0	0	0	1	0	1	0	1	1	0	0	1	1	2	0	0	0	0	0	0	0	1	1	0	1	0	1	0	1	2	1	0	0	1	0	1	0	0	0
Xenopus_tropicalis	0	0	0	0	1	0	2	1	0	0	0	0	0	0	1	0	0	0	1	1	0	0	0	0	0	1	0	1	0	1	1	0	1	1	1	1	1	0	0	0	1	0	0	0	0	1	0	0	0	1	0	2	1	0	1	1	0	0	0	0	1
Homo_sapiens	0	1	0	0	2	1	1	2	0	0	0	0	0	1	1	0	0	1	1	2	0	0	0	0	0	0	0	1	1	1	1	0	0	0	1	2	0	0	0	1	0	0	0	0	0	0	1	0	1	0	1	2	1	0	1	0	0	1	0	1	0
Equus_caballus	0	1	0	0	2	1	1	2	0	0	0	0	0	0	1	0	1	0	1	2	0	0	0	0	0	1	0	1	0	1	1	0	0	1	1	2	0	0	0	0	0	0	0	1	0	0	1	0	1	0	1	2	1	0	0	0	0	1	0	1	0
Blattella_germanica	0	1	0	0	1	0	1	1	1	0	0	0	0	0	0	0	0	0	0	2	0	0	1	0	0	0	0	1	0	1	0	0	0	0	0	1	0	0	1	1	1	0	0	0	0	0	0	0	1	0	0	1	1	1	1	1	0	0	0	0	0
Cryptotermes_secundus	0	0	0	0	2	0	2	2	1	1	0	1	0	1	0	0	1	1	0	2	1	0	1	0	0	1	0	1	0	1	0	0	0	0	0	2	0	0	1	1	0	0	0	0	0	0	1	0	1	0	1	2	1	0	0	1	0	1	0	0	0
Zootermopsis_nevadensis	NA	NA	NA	NA	NA	NA	NA	NA	NA	NA	NA	NA	NA	NA	NA	NA	NA	NA	NA	NA	NA	NA	NA	NA	NA	NA	NA	NA	NA	NA	NA	NA	NA	NA	NA	NA	NA	NA	NA	NA	NA	NA	NA	NA	NA	NA	NA	NA	NA	NA	NA	NA	NA	NA	NA	NA	NA	NA	NA	NA	NA
Acyrthosiphon_pisum	0	1	0	0	2	1	2	2	1	0	0	0	0	0	0	0	0	0	0	2	0	0	1	1	0	0	0	0	0	1	1	0	0	1	1	2	0	0	1	0	1	0	0	0	0	1	0	0	0	1	1	2	0	0	0	1	1	0	0	0	0
Cimex_lectularius	0	0	1	1	1	0	0	0	0	0	0	0	0	1	1	1	1	1	1	0	1	0	0	0	0	0	0	1	0	1	1	1	1	1	1	0	0	0	0	1	1	0	0	0	0	1	1	1	1	0	0	0	0	0	0	1	0	0	0	0	0
Halyomorpha_halys	0	1	0	0	2	1	2	1	0	0	0	0	0	1	0	0	0	1	0	2	0	0	1	1	0	0	0	0	0	1	1	0	0	1	1	2	0	0	0	1	0	0	0	0	1	1	1	0	1	1	1	2	1	0	0	1	0	0	0	0	0
Athalia_rosae	0	1	0	0	2	1	2	2	0	0	0	0	0	1	1	0	1	1	1	2	1	0	0	0	0	1	0	1	0	1	1	0	0	1	0	2	0	0	0	0	0	0	1	0	0	1	1	0	1	1	1	2	1	0	0	1	1	0	0	0	0
Cephus_cinctus	0	1	0	0	2	1	2	2	0	0	0	0	0	1	1	0	1	1	1	2	1	0	1	0	0	0	0	1	0	1	0	0	0	0	1	2	0	0	0	0	0	0	0	1	0	1	1	0	1	1	1	2	1	0	0	1	0	0	0	0	0
Orussus_abietinus	0	1	0	0	2	1	2	2	0	0	0	0	0	1	1	0	1	1	1	2	1	0	0	0	1	1	0	1	1	1	1	0	1	1	1	2	1	0	0	0	0	0	0	1	1	1	1	0	1	1	1	2	1	0	0	0	0	0	0	1	0
Nasonia_vitripennis	0	0	0	0	2	0	2	2	0	0	0	0	0	1	1	0	1	1	1	2	1	0	1	0	0	0	0	1	0	1	1	0	1	1	1	2	1	0	0	0	0	0	0	1	0	1	1	0	1	1	1	2	1	0	0	0	0	0	0	0	0
Trichogramma_pretiosum	0	1	0	0	2	1	2	2	0	0	1	0	0	0	0	0	1	0	0	2	1	0	1	1	0	0	0	0	0	1	1	0	0	1	1	2	0	0	0	1	0	0	0	0	0	1	1	0	1	1	1	2	1	0	0	1	0	0	0	0	0
Harpegnathos_saltator	0	1	0	0	1	0	2	2	0	0	0	0	0	1	0	0	1	1	0	2	1	0	1	1	0	0	1	0	0	1	1	0	1	1	1	2	1	0	0	0	0	0	0	1	0	0	0	0	1	1	1	2	1	1	0	0	0	0	0	1	0
Linepithema_humile	0	1	0	0	2	1	2	2	0	0	0	0	0	1	0	0	1	1	0	2	1	0	1	0	0	0	1	0	0	1	1	0	0	1	1	2	0	0	0	0	0	0	1	1	0	1	0	0	1	0	1	2	1	0	0	0	0	0	0	1	0
Camponotus_floridanus	0	0	0	0	2	1	2	2	0	0	0	0	0	0	0	0	1	0	0	2	1	0	0	1	0	1	1	0	0	1	0	0	0	1	0	2	0	0	0	1	0	0	1	0	0	0	0	0	1	1	1	2	1	0	0	0	0	0	0	0	0
Pogonomyrmex_barbatus	0	0	0	0	2	1	2	2	0	0	0	0	0	1	0	0	1	1	0	2	1	0	0	1	0	0	0	0	0	0	0	0	0	1	1	2	0	0	0	0	0	0	0	0	0	1	1	0	1	1	0	2	1	0	1	1	1	0	1	0	0
Polistes_canadensis	0	1	0	0	2	0	2	2	1	0	0	0	0	1	0	0	1	1	0	2	1	0	1	0	0	0	0	1	0	1	1	0	1	1	0	2	1	0	0	1	0	0	0	0	0	1	1	0	1	1	1	2	1	0	0	1	0	0	0	0	0
Polistes_dominula	0	1	0	0	2	1	2	2	1	0	0	0	0	1	0	0	1	1	0	2	1	0	1	1	0	0	0	0	0	1	1	0	1	1	1	2	1	0	0	1	0	0	0	0	0	1	0	0	1	1	1	2	1	0	0	1	0	0	0	0	0
Solenopsis_invicta	0	0	0	0	2	1	2	2	0	0	0	0	0	1	1	0	1	1	1	2	1	0	0	1	0	1	0	0	0	1	1	0	0	1	1	2	0	0	0	0	0	0	0	1	0	1	1	0	0	1	1	2	0	0	0	0	1	0	0	1	0
Acromyrmex_echinatior	0	1	0	0	2	1	2	2	0	0	1	0	0	1	0	0	1	1	0	2	1	0	1	1	0	0	0	0	0	1	1	0	0	1	1	2	0	0	0	1	0	0	0	0	0	1	1	0	1	1	1	2	1	0	0	0	0	0	0	0	0
Atta_cephalotes	0	0	0	0	2	0	2	2	0	0	1	0	0	1	0	0	1	1	0	2	1	0	0	0	0	0	0	1	0	1	1	0	1	1	1	2	1	0	0	1	0	0	0	0	0	1	1	0	1	1	1	2	1	0	0	0	0	0	0	1	0
Dufourea_novaeangliae	0	1	0	0	2	1	2	2	0	0	1	1	0	1	1	0	1	1	1	2	1	0	0	0	0	0	0	0	0	0	1	0	1	0	1	2	1	1	0	1	0	0	0	0	0	1	1	0	1	1	1	2	1	0	0	1	0	0	0	0	0
Megachile_rotundata	0	1	0	0	2	1	2	2	0	0	0	0	0	1	1	0	1	1	1	2	1	0	1	1	0	0	0	0	0	1	1	0	1	1	1	2	1	0	0	1	1	0	0	0	0	1	1	0	1	1	1	2	1	0	0	0	0	0	0	1	0
Habropoda_laboriosa	0	1	0	0	2	1	2	2	0	0	1	0	0	0	1	0	1	0	1	2	1	0	0	1	0	0	0	0	0	0	1	0	0	0	1	2	0	0	1	1	1	0	0	0	0	1	1	0	1	1	1	2	1	0	0	1	0	0	0	0	0
Eufriesea_mexicana	0	1	0	0	2	1	2	2	0	0	0	0	0	1	0	0	1	1	0	2	1	0	1	1	0	0	0	0	0	1	1	0	0	1	1	2	0	0	0	1	0	0	0	0	0	1	1	0	1	1	1	2	1	0	0	1	0	0	0	0	0
Apis_mellifera	0	1	0	0	2	1	2	2	1	0	0	0	0	0	1	0	1	0	1	2	1	0	1	1	0	0	0	0	0	1	1	0	0	1	1	2	0	0	0	0	0	0	0	0	0	1	1	0	1	1	0	2	1	0	0	1	0	0	0	0	0
Apis_florea	0	1	0	0	2	1	2	2	1	0	0	0	0	0	1	0	1	0	1	2	1	0	1	1	0	0	0	0	0	1	1	0	0	0	0	2	0	0	0	0	0	0	0	1	0	1	1	0	1	1	0	2	1	1	0	1	0	0	0	0	0
Apis_cerana	0	1	0	0	2	1	2	2	1	0	0	0	0	0	1	0	1	0	1	2	1	0	0	1	0	0	0	0	0	1	1	0	1	1	1	2	1	0	0	0	0	0	0	1	0	1	1	0	1	1	0	2	1	0	0	0	0	0	0	1	0
Melipona_quadrifasciata	NA	NA	NA	NA	NA	NA	NA	NA	NA	NA	NA	NA	NA	NA	NA	NA	NA	NA	NA	NA	NA	NA	NA	NA	NA	NA	NA	NA	NA	NA	NA	NA	NA	NA	NA	NA	NA	NA	NA	NA	NA	NA	NA	NA	NA	NA	NA	NA	NA	NA	NA	NA	NA	NA	NA	NA	NA	NA	NA	NA	NA
Bombus_terrestris	0	1	0	0	2	1	2	2	1	0	1	0	0	1	1	0	1	1	1	2	1	0	1	0	0	1	0	0	0	1	1	0	0	1	1	2	0	0	0	0	0	0	0	1	0	1	1	0	1	1	1	2	1	0	0	1	0	0	0	0	0
Onthophagus_taurus	0	1	0	0	2	1	2	2	1	0	0	0	0	0	0	0	1	0	0	2	1	0	1	1	0	0	0	0	0	1	1	0	1	0	1	2	1	0	0	1	0	0	0	0	0	1	1	0	1	0	1	2	1	0	0	1	1	0	0	0	0
Tribolium_castaneum	0	1	0	0	1	1	2	2	0	0	0	0	0	1	0	0	1	1	0	2	1	0	1	1	0	0	0	0	0	1	1	0	0	1	1	2	0	0	0	1	0	0	0	0	0	1	1	0	0	1	1	2	0	0	0	1	1	0	0	0	0
Dendroctonus_ponderosae	0	1	0	0	2	1	2	2	0	0	1	0	0	0	0	0	1	0	0	2	1	0	1	1	0	0	0	0	0	1	1	0	0	1	1	2	0	0	0	1	0	0	1	0	0	1	1	0	1	1	1	2	1	0	0	1	1	0	0	0	0
Anoplophora_glabripennis	0	0	0	0	2	0	2	2	1	0	0	0	0	0	0	0	0	0	0	2	0	0	1	1	0	0	0	0	0	1	0	0	1	1	0	2	1	0	1	0	0	0	0	1	1	1	1	0	0	1	1	2	0	0	0	1	1	0	0	0	0
Leptinotarsa_decemlineata	0	1	0	0	2	1	2	2	1	0	1	0	0	1	0	0	1	1	0	2	1	0	1	1	0	0	0	0	0	1	1	0	0	1	1	2	0	0	0	1	0	0	0	0	0	1	1	0	1	1	1	2	1	0	0	1	0	0	0	0	0
Bombyx_mori	0	1	0	0	2	1	2	2	1	0	1	0	0	1	1	0	1	1	1	2	1	0	0	0	1	1	0	1	1	1	1	0	1	1	1	2	1	0	0	0	0	0	0	0	0	1	1	0	1	0	0	2	1	0	0	1	0	0	0	0	0
Danaus_plexippus	0	1	0	0	1	1	2	1	0	0	0	0	0	1	1	0	1	1	1	2	1	0	0	0	0	0	0	1	0	1	1	0	0	1	1	2	0	0	0	0	0	0	0	1	0	1	1	0	1	1	1	2	1	0	0	1	0	0	0	0	0
Aedes_aegypti	0	1	0	0	1	0	1	1	0	0	0	0	0	0	0	0	1	0	0	2	1	0	1	0	0	1	0	1	0	1	1	0	0	1	0	2	0	0	0	0	0	0	0	1	0	1	1	0	0	1	0	1	1	0	0	1	0	0	0	0	0
Culex_quinquefasciatus	0	1	0	0	2	1	2	2	0	0	0	0	0	0	0	0	1	0	0	2	1	0	1	0	0	1	0	1	0	1	1	0	0	1	1	2	0	0	0	0	0	0	0	1	0	1	1	0	0	1	1	1	0	0	0	0	0	0	0	1	0
Anopheles_gambiae	0	0	0	0	2	0	2	2	0	0	0	1	0	0	0	0	1	0	0	2	1	0	0	0	0	1	1	1	0	1	1	0	0	1	1	2	0	0	0	0	0	0	0	1	0	1	1	0	1	1	1	2	1	0	0	0	0	0	0	1	0
Drosophila_grimshawi	0	1	0	0	2	1	2	2	0	0	0	0	0	0	0	0	1	0	0	2	1	0	0	0	0	1	1	1	0	1	0	0	0	1	0	2	0	0	1	0	0	0	0	1	0	1	1	0	1	1	1	2	1	0	0	0	0	1	0	1	0
Drosophila_pseudoobscura	0	1	0	0	2	1	2	2	0	0	0	0	0	0	0	0	1	0	0	2	1	0	1	0	0	1	0	1	0	1	1	0	0	1	1	2	0	0	1	0	0	0	0	1	0	1	1	0	1	1	1	2	1	0	0	0	0	0	0	1	0
Drosophila_melanogaster	0	1	0	0	2	1	2	2	0	0	0	0	0	0	1	0	1	0	1	2	1	0	0	0	1	1	0	1	1	1	1	0	0	1	1	2	0	0	0	0	0	0	0	1	0	0	1	0	1	0	1	2	1	0	0	0	0	1	0	1	0
Drosophila_suzukii	0	1	0	0	2	1	2	2	0	0	0	0	0	0	1	0	0	0	1	2	0	0	0	1	1	1	0	0	1	1	1	0	0	1	1	2	0	0	0	0	0	0	0	1	0	0	1	0	1	0	1	2	1	0	0	0	0	1	0	1	0
Ceratitis_capitata	0	1	0	0	2	1	2	2	0	0	1	0	0	0	0	0	1	0	0	2	1	0	1	1	0	0	0	0	0	1	1	0	0	1	1	2	0	0	0	0	0	0	0	0	0	1	1	0	1	1	1	2	1	0	0	1	0	0	0	0	0
Lucilia_cuprina	0	1	0	0	2	1	2	2	0	0	1	0	0	0	1	0	1	0	1	2	1	0	0	1	0	0	0	0	0	1	1	0	1	0	0	2	1	0	0	1	0	0	0	0	0	1	1	0	1	0	0	2	1	0	0	1	0	0	0	0	0
Musca_domestica	0	1	0	0	2	1	2	2	0	0	1	0	0	0	1	0	1	0	1	2	1	0	0	1	0	0	0	0	0	1	1	0	0	1	1	2	0	0	0	1	0	0	0	0	0	1	1	0	1	1	1	2	1	0	0	1	0	0	0	0	0
Enhydra_lutris	0	0	0	0	2	0	2	1	0	0	0	0	0	1	1	0	1	1	1	2	1	0	0	0	0	0	0	1	0	1	1	0	1	1	1	1	1	0	0	0	0	0	0	1	1	0	1	0	1	0	1	2	1	0	0	0	0	1	0	1	0
Motacilla_alba	0	1	0	0	2	1	2	2	0	0	0	0	0	0	1	0	1	0	1	2	1	0	0	0	0	1	0	1	0	1	1	0	0	1	1	2	0	0	1	1	0	0	0	0	0	1	1	0	1	0	1	2	1	0	0	0	0	0	0	0	0
Patagioenas_fasciata	0	0	0	0	2	0	2	2	0	0	0	0	0	0	1	0	1	0	1	2	1	0	0	0	0	1	0	1	0	1	1	0	1	1	1	2	1	0	0	0	0	0	0	1	0	1	1	0	1	1	1	2	1	0	0	0	0	0	0	1	0
Terrapene_carolina	0	1	0	0	1	1	2	1	1	0	0	0	0	0	1	0	0	0	0	2	0	0	0	0	0	0	0	1	0	1	0	0	0	0	0	2	0	0	1	1	1	0	0	0	0	1	0	0	0	0	0	2	0	0	1	1	1	0	0	0	0
Osmia_bicornis	0	1	0	0	2	1	2	2	1	0	1	0	0	1	1	0	1	1	1	2	1	0	1	1	0	1	0	0	0	1	1	0	1	1	1	2	1	0	0	1	0	0	0	0	0	1	1	0	1	1	1	2	1	0	0	0	0	0	0	1	0
Neophocaena_asiaeorientalis	0	0	0	0	2	0	2	2	0	0	0	0	0	1	1	0	0	1	1	2	0	0	0	0	0	0	0	1	0	1	1	0	1	1	1	1	1	0	0	1	0	0	0	0	1	0	0	0	0	0	0	1	0	0	1	0	1	1	0	0	1
Ovis_aries	0	0	0	0	1	1	1	1	0	0	0	0	0	0	1	0	0	0	0	1	0	0	0	0	0	1	0	1	0	1	1	0	0	1	1	2	0	0	0	1	0	0	0	0	1	0	1	0	0	0	0	2	0	0	0	1	0	1	0	0	1
Lamprotornis_superbus	0	0	0	0	2	0	2	2	0	0	0	1	0	0	1	0	1	0	1	2	1	0	0	0	0	1	0	0	0	1	1	0	1	1	1	2	1	0	0	0	0	0	0	1	0	1	1	0	1	0	1	2	1	0	0	0	0	1	0	0	0
Nematolebias_whitei	0	1	0	0	2	1	2	1	1	0	0	1	0	0	1	0	0	0	1	2	0	0	0	0	0	1	0	1	0	1	0	0	0	1	0	2	0	0	1	0	1	0	0	0	0	1	1	1	0	1	1	0	0	0	0	0	1	1	0	1	0
Tetranychus_urticae	0	0	0	0	2	0	2	2	1	1	1	0	0	1	1	0	0	1	1	2	0	0	0	1	1	1	0	0	1	1	1	0	0	1	1	2	0	0	1	0	1	0	0	0	0	0	0	0	1	0	0	2	1	1	1	1	0	0	0	0	0
Ixodes_scapularis	0	1	0	0	1	1	1	1	0	0	0	0	0	0	0	0	0	0	0	2	0	0	1	0	0	1	0	1	0	1	0	0	0	0	1	1	0	0	1	0	1	0	0	1	0	1	1	0	0	0	0	1	0	0	0	0	0	0	0	1	1
Centruroides_sculpturatus	0	0	0	0	2	0	2	2	1	0	0	0	0	0	1	0	0	0	1	2	0	0	0	1	0	0	0	0	0	0	0	0	1	0	0	2	1	1	1	1	1	0	0	0	0	0	0	0	0	0	0	2	0	1	0	1	1	0	1	0	0
Eurytemora_affinis	NA	NA	NA	NA	NA	NA	NA	NA	NA	NA	NA	NA	NA	NA	NA	NA	NA	NA	NA	NA	NA	NA	NA	NA	NA	NA	NA	NA	NA	NA	NA	NA	NA	NA	NA	NA	NA	NA	NA	NA	NA	NA	NA	NA	NA	NA	NA	NA	NA	NA	NA	NA	NA	NA	NA	NA	NA	NA	NA	NA	NA
Tyto_alba	0	1	0	0	2	1	2	2	0	0	1	0	0	0	0	0	1	0	0	2	1	0	1	0	1	0	0	1	0	2	0	0	0	0	0	2	0	0	1	0	0	0	1	1	0	1	1	0	1	0	1	2	1	0	0	1	0	1	0	0	0
Anser_cygnoides	0	0	0	0	2	0	2	2	0	0	0	0	0	1	1	0	1	1	1	2	1	1	0	1	0	1	0	0	0	1	1	0	1	1	1	2	1	0	1	0	0	0	0	1	0	0	1	0	1	0	1	2	1	0	0	0	0	1	0	1	0
Ursus_arctos	0	1	0	0	2	1	2	2	0	0	0	0	0	0	1	0	0	0	1	2	0	0	0	0	0	1	0	1	0	1	1	0	0	0	1	1	1	0	0	0	0	0	0	1	1	0	1	0	1	0	1	1	1	0	0	0	0	1	0	1	0
Seriola_lalandi	0	0	0	0	2	0	2	1	0	0	0	0	0	0	1	0	0	0	1	2	0	0	0	0	0	1	0	1	0	1	1	0	1	1	0	2	1	0	0	0	0	0	0	1	1	0	1	0	0	0	1	2	0	0	0	0	1	1	0	1	0
Balaenoptera_acutorostrata	0	0	0	0	2	0	2	2	1	0	1	0	0	1	1	0	0	1	1	2	0	0	0	0	0	1	0	1	0	1	1	0	1	0	1	2	1	0	0	1	0	0	0	0	1	0	0	0	0	0	0	1	0	0	1	0	1	1	0	0	1
Podarcis_muralis	0	0	0	0	2	0	2	2	0	0	1	0	0	1	1	0	0	0	0	2	0	0	0	0	0	1	0	1	0	0	0	0	1	1	0	1	1	0	1	0	0	0	0	1	1	0	0	0	0	0	0	2	0	0	1	0	1	1	0	1	0
Anas_platyrhynchos	0	1	0	0	2	1	2	2	0	0	0	0	0	0	1	0	1	0	1	2	1	0	0	0	0	1	0	1	0	1	1	0	0	1	1	2	0	0	0	0	0	0	0	1	0	1	1	0	0	0	1	2	0	0	0	0	1	1	0	1	0
Odocoileus_virginianus	0	0	0	0	2	0	1	1	0	0	0	0	0	1	1	0	0	1	1	2	0	0	0	0	0	0	0	1	0	1	1	0	0	1	0	2	1	0	0	1	0	0	0	0	1	0	1	0	0	0	0	1	0	0	0	1	0	1	0	0	1
Diabrotica_virgifera	0	0	0	0	2	1	2	1	1	0	0	0	0	0	0	0	1	0	0	2	1	0	1	1	0	0	0	0	0	1	1	0	0	0	0	2	0	0	0	1	1	0	0	0	0	1	1	0	1	1	0	2	1	0	0	1	0	0	0	0	0
Trachemys_scripta	0	1	0	0	2	1	1	1	1	0	0	0	0	0	1	0	0	0	1	2	0	0	0	1	0	0	0	0	0	1	0	0	0	1	0	2	0	0	1	1	1	0	0	0	0	1	0	0	0	1	0	2	0	0	1	1	1	0	0	0	0
Glossina_fuscipes	0	1	0	0	2	1	2	2	0	1	1	0	0	0	1	0	1	0	1	2	1	0	0	1	0	0	0	0	0	0	1	0	0	0	1	2	0	0	0	0	0	0	0	1	0	1	1	0	1	1	1	2	1	1	0	1	0	0	0	0	0
Ceratosolen_solmsi	0	0	0	0	2	0	2	2	1	1	0	0	0	1	0	0	0	1	0	2	0	1	1	0	0	1	0	0	0	1	0	0	0	1	0	2	0	0	1	1	1	0	0	0	0	1	0	0	1	1	0	2	1	0	0	0	0	1	0	1	0
Bombus_vancouverensis	0	1	0	0	2	1	2	2	1	0	1	0	0	1	1	0	1	1	1	2	1	0	1	1	0	1	0	0	0	1	1	0	1	1	1	2	1	0	0	1	0	0	0	0	0	1	1	0	1	1	1	2	1	0	0	1	0	0	0	0	0
Peromyscus_maniculatus	0	1	0	0	1	1	2	1	0	0	0	0	0	0	1	0	1	0	1	2	1	0	0	0	0	1	0	1	0	1	1	0	0	1	1	1	0	0	0	0	0	0	0	1	0	1	1	0	1	1	0	2	1	0	0	0	0	0	0	1	0
Equus_asinus	0	1	0	0	2	1	1	2	0	0	0	0	0	1	1	0	1	1	1	2	0	0	0	0	0	0	0	1	0	1	1	0	0	1	1	2	0	0	0	0	0	0	0	0	0	0	1	0	1	0	1	2	1	0	0	0	0	1	0	1	0
Gorilla_gorilla	0	1	0	0	2	1	1	2	0	0	0	0	0	1	1	0	1	1	1	2	1	0	0	0	0	0	0	1	0	1	1	0	0	0	1	2	0	0	0	1	0	0	0	0	0	0	1	0	0	0	0	2	0	0	0	1	0	1	0	0	1
Vicugna_pacos	0	1	0	0	1	0	1	1	0	0	0	0	0	1	1	0	1	1	0	1	0	0	0	0	0	0	0	1	0	1	1	0	0	0	0	0	0	0	0	0	0	0	0	1	0	1	1	1	1	0	1	0	0	0	0	1	0	0	0	0	0
Pan_troglodytes	0	1	0	0	2	1	1	2	0	0	0	0	0	1	1	0	1	1	1	2	1	0	0	0	0	0	0	1	0	1	1	0	0	0	1	1	0	0	0	1	0	0	0	0	0	0	1	0	1	0	1	2	1	0	0	1	0	1	0	0	1
Struthio_camelus	0	0	0	0	2	0	2	2	1	1	1	0	0	1	0	0	1	1	0	2	1	1	1	1	0	0	0	0	0	1	0	0	0	1	0	2	0	0	1	0	0	0	1	1	0	1	1	0	1	0	1	2	1	0	1	1	0	0	0	0	0
Vespula_vulgaris	NA	NA	NA	NA	NA	NA	NA	NA	NA	NA	NA	NA	NA	NA	NA	NA	NA	NA	NA	NA	NA	NA	NA	NA	NA	NA	NA	NA	NA	NA	NA	NA	NA	NA	NA	NA	NA	NA	NA	NA	NA	NA	NA	NA	NA	NA	NA	NA	NA	NA	NA	NA	NA	NA	NA	NA	NA	NA	NA	NA	NA
Vespula_pensylvanica	0	1	0	0	2	1	2	2	0	0	0	0	0	1	0	0	1	1	0	2	1	0	1	0	0	0	0	0	0	1	1	0	0	1	1	2	0	0	0	0	0	0	0	1	0	1	1	0	1	1	1	2	1	0	0	1	0	0	0	0	0
Arvicola_amphibius	0	1	0	0	2	1	2	2	0	0	0	0	0	0	1	0	1	0	0	2	1	0	0	0	0	1	0	1	0	1	1	0	0	1	1	2	0	0	0	0	0	0	0	1	0	1	1	0	0	1	0	2	1	0	0	0	0	1	0	1	0
Oenanthe_oenanthe	0	0	0	0	2	0	2	2	0	0	0	1	0	1	1	0	1	1	1	2	1	0	0	0	0	0	0	1	0	1	1	0	0	1	1	2	0	0	0	0	0	0	0	1	0	1	1	0	1	0	1	2	1	0	0	0	0	0	0	1	0
Chelonus_insularis	0	0	0	0	2	0	2	2	1	0	0	0	0	0	0	0	1	0	0	2	1	0	1	0	1	0	0	0	1	1	1	0	1	1	1	2	1	0	0	1	0	0	0	0	0	1	1	0	1	1	1	2	1	0	0	1	0	0	0	0	0
Branchiostoma_floridae	0	1	0	0	2	1	2	2	0	0	0	0	0	0	1	0	1	0	1	2	1	0	1	0	0	1	0	1	0	0	1	0	0	1	1	2	0	0	0	0	0	0	0	1	0	0	1	0	1	0	1	2	1	0	0	0	0	1	0	1	0
Cloeon_dipterum	0	1	0	0	2	1	2	2	0	0	0	0	0	1	1	0	1	1	1	2	1	0	0	0	0	1	0	1	0	1	1	0	0	1	1	2	0	0	0	0	0	0	0	1	0	1	1	0	1	1	1	2	1	0	0	0	0	0	0	1	0
Gymnodraco_acuticeps	0	1	0	0	2	0	2	1	0	0	1	0	0	0	1	0	1	0	1	1	0	0	0	0	0	0	0	1	0	1	0	0	0	1	0	2	0	0	1	1	0	0	0	0	0	1	1	0	0	1	1	2	0	1	0	0	1	0	0	1	0
Pseudochaenichthys_georgianus	0	1	0	0	2	0	2	1	0	0	0	0	0	1	0	0	0	1	0	1	0	0	0	0	0	0	1	1	0	1	0	0	0	1	0	2	0	0	1	1	0	0	0	0	1	0	1	0	0	0	1	1	0	1	0	0	1	0	0	0	0
Molothrus_ater	0	1	0	0	2	1	2	2	0	0	0	0	0	0	1	0	1	0	1	2	1	0	0	0	0	1	0	1	0	1	1	0	0	1	1	2	0	0	1	0	0	0	0	1	0	1	1	0	1	0	1	2	1	0	0	0	0	0	0	1	0
Zerene_cesonia	0	1	0	0	2	1	2	2	0	0	0	0	0	1	1	0	1	1	1	2	1	0	0	1	0	0	0	0	0	1	1	0	0	1	1	2	0	0	0	0	0	0	0	1	0	1	0	0	1	1	0	2	1	0	0	1	0	0	1	0	0
Osmia_lignaria	0	1	0	0	2	1	2	2	0	0	0	0	0	1	1	0	1	1	1	2	1	0	1	1	0	0	0	0	0	1	1	0	1	1	1	2	1	0	0	1	0	0	0	0	0	1	1	0	1	1	1	2	1	0	0	0	0	0	0	0	0
Bombus_vosnesenskii	0	1	0	0	2	1	2	2	1	0	1	0	0	1	1	0	1	1	1	2	1	0	1	1	0	1	0	0	0	1	1	0	0	1	1	2	0	0	0	0	0	0	0	0	0	1	1	0	1	1	1	2	1	0	0	1	0	0	0	0	0
Bombus_bifarius	0	1	0	0	2	1	2	2	1	0	1	0	0	1	1	0	1	1	1	2	1	0	1	1	0	1	0	0	0	1	1	0	1	1	1	2	1	0	0	1	0	0	0	0	0	1	1	0	1	1	1	2	1	0	0	1	0	0	0	0	0
Arvicanthis_niloticus	0	1	0	0	2	1	2	1	0	0	0	0	0	0	1	0	0	0	1	2	0	0	0	0	0	1	0	1	0	1	1	0	1	1	1	2	1	0	0	0	0	0	0	1	1	0	1	0	1	0	1	2	1	0	0	0	0	1	0	1	0
Anneissia_japonica	0	1	0	0	1	0	1	2	1	1	0	0	0	0	0	0	0	0	0	2	0	0	1	1	0	0	0	0	0	1	1	0	0	1	0	1	0	0	1	1	1	0	0	0	0	1	0	0	1	0	0	1	1	0	1	1	0	0	0	0	0
Oxyura_jamaicensis	0	0	0	0	2	0	2	2	0	0	0	0	0	0	1	0	1	0	1	2	1	0	0	0	0	1	0	0	0	1	1	0	1	1	1	2	1	0	0	0	0	0	0	1	0	0	1	0	1	0	1	2	1	0	0	0	0	1	0	0	0
Ignelater_luminosus	0	0	0	0	2	0	1	1	0	0	0	0	0	1	0	0	0	1	0	1	0	0	1	1	0	0	0	0	0	1	1	0	1	1	1	2	1	0	0	1	1	0	0	0	0	0	1	0	1	0	1	2	1	0	0	1	0	1	0	0	0
Belonocnema_treatae	0	0	0	0	2	0	2	2	0	0	0	0	0	1	0	0	0	1	0	2	0	0	1	1	1	0	0	0	1	1	0	0	1	1	0	2	1	0	1	1	0	0	0	0	0	1	0	0	1	1	0	2	1	0	1	1	0	0	0	0	0
Stegodyphus_dumicola	0	0	0	0	2	0	1	2	0	0	1	1	0	0	1	0	0	0	0	1	0	0	0	1	1	0	1	0	0	0	0	0	0	1	0	1	0	0	0	0	0	0	0	1	0	1	0	0	0	0	0	1	1	0	0	1	0	0	1	0	0
Odontomachus_brunneus	0	0	0	0	1	1	2	2	0	0	0	0	0	0	0	0	1	0	0	2	1	0	0	1	0	1	1	0	0	1	1	0	0	1	0	2	0	0	0	0	0	0	0	0	0	1	0	0	1	1	1	2	1	0	0	1	0	0	0	0	0
Eudyptes_filholi	0	1	0	0	2	1	2	2	0	0	0	0	0	1	1	0	1	1	1	2	1	1	1	0	0	1	0	1	0	1	1	0	1	1	1	2	1	0	0	0	0	0	0	1	0	1	0	0	1	0	0	2	1	0	1	0	0	1	0	1	0
Chiroxiphia_lanceolata	0	1	0	0	2	1	2	2	0	0	0	0	0	0	1	0	1	0	1	2	1	0	0	0	0	1	0	1	0	1	1	0	0	1	1	2	0	0	0	1	0	0	0	0	0	1	1	0	1	0	1	1	1	0	1	0	0	0	0	0	0
Cyclopterus_lumpus	0	0	0	0	2	0	2	2	1	0	0	0	0	0	0	0	0	0	0	2	0	0	1	1	1	1	0	0	0	1	0	0	0	1	0	1	1	0	0	0	0	0	0	1	1	0	1	0	0	0	1	2	1	1	0	0	0	0	0	1	0
Notolabrus_celidotus	0	0	0	0	2	0	2	1	0	0	0	0	0	0	1	0	1	0	1	1	1	0	0	0	0	1	0	1	0	1	0	0	0	1	0	2	1	0	0	0	0	0	1	0	0	0	1	0	1	0	1	2	1	0	0	1	0	1	0	0	0
Pecten_maximus	0	1	0	0	1	1	2	2	0	0	0	0	0	0	1	0	0	0	1	2	0	0	1	0	0	1	0	1	0	1	1	0	0	1	0	1	0	0	0	0	0	0	0	0	1	1	1	0	0	1	1	2	1	0	0	1	0	1	0	0	0
Photinus_pyralis	0	1	0	0	2	1	2	2	0	0	0	0	0	1	0	0	1	1	0	2	1	0	1	1	0	0	0	0	0	1	1	0	0	1	1	2	0	0	0	0	0	0	0	1	0	1	1	0	1	1	1	2	1	0	0	1	0	0	0	0	0
Camarhynchus_parvulus	0	1	0	0	2	1	2	2	0	0	0	0	0	0	1	0	1	0	1	2	1	0	0	0	0	1	0	1	0	1	1	0	1	1	1	2	1	0	0	0	0	0	0	1	0	1	1	0	1	0	1	2	1	0	0	0	0	1	0	1	0
Asterias_rubens	2	1	0	0	0	0	1	1	0	0	0	0	0	1	1	0	1	1	1	2	1	0	0	1	0	0	0	0	0	1	1	0	0	0	0	1	0	0	0	1	0	0	0	0	0	1	1	0	1	1	0	2	1	0	0	0	0	0	0	1	0
Gopherus_evgoodei	0	0	0	0	1	0	1	1	0	0	0	0	0	0	0	0	0	0	0	2	0	0	1	0	0	1	0	1	0	0	0	0	0	0	0	1	1	1	1	1	1	0	0	0	0	1	1	0	0	0	1	2	0	0	0	1	1	0	0	0	0
Archocentrus_centrarchus	0	0	0	0	2	0	2	2	0	0	0	0	0	0	1	0	0	0	1	2	0	0	1	0	0	1	0	1	0	0	1	0	1	0	1	2	1	1	1	1	1	0	0	0	0	1	1	0	1	1	0	2	1	0	0	0	0	0	0	1	0
Dermochelys_coriacea	0	1	0	0	1	1	2	1	0	0	0	0	0	0	1	0	1	0	1	2	1	0	0	0	0	1	0	1	0	1	0	0	0	1	0	1	0	0	1	1	0	0	0	0	0	1	1	0	1	0	1	2	1	0	0	1	0	0	0	0	0
Thrips_palmi	0	0	0	0	1	0	2	2	0	0	0	0	0	0	0	0	0	0	0	2	0	0	1	0	0	1	0	1	0	0	0	0	1	0	0	2	1	1	1	0	1	0	0	1	0	1	1	0	1	1	1	2	1	0	0	0	0	0	0	1	0
Eumeta_japonica	0	0	0	0	2	0	2	2	1	0	0	0	0	0	0	0	1	0	0	1	1	0	1	1	0	0	0	0	0	1	1	0	1	1	1	1	1	0	0	1	0	0	0	0	0	1	1	0	1	1	1	2	1	0	0	0	0	1	0	1	0
Nylanderia_fulva	0	0	0	0	2	1	2	2	0	0	0	0	0	1	0	0	1	1	0	2	1	0	1	0	0	1	0	0	0	1	0	0	0	1	1	2	0	0	0	0	0	0	0	0	0	0	0	0	1	1	1	2	1	0	0	0	0	0	0	0	0
Varanus_komodoensis	0	0	0	0	2	0	2	2	0	0	0	0	0	0	1	0	1	0	1	2	1	0	1	0	0	1	0	1	0	1	1	0	0	1	1	2	1	0	0	0	0	0	0	1	0	0	0	0	1	0	0	2	1	0	1	0	1	1	0	1	0
Anarrhichthys_ocellatus	0	1	0	0	2	1	2	2	1	0	0	0	0	0	1	0	0	0	1	2	0	0	0	0	0	0	0	1	0	0	0	0	0	0	0	2	0	1	1	0	1	0	0	1	0	1	0	0	0	1	0	2	0	0	1	0	1	0	1	1	0
Cottoperca_gobio	0	0	0	0	1	0	2	2	0	1	0	0	0	0	1	0	1	0	1	2	1	0	0	0	0	1	0	1	0	1	1	0	0	1	1	1	0	0	0	1	0	0	0	0	0	0	1	0	0	0	1	2	0	1	0	1	1	0	0	0	0
Phyllostomus_discolor	0	1	0	0	2	0	2	2	0	0	0	0	0	0	1	0	1	0	1	2	1	0	0	0	0	1	0	1	0	1	1	0	1	0	1	2	1	0	0	1	0	0	0	0	0	0	1	0	1	0	1	2	1	1	0	0	0	0	0	0	0
Onychomys_torridus	0	1	0	0	1	0	2	1	0	0	0	0	0	0	1	0	1	0	1	2	1	0	0	0	0	1	0	1	0	1	1	0	0	1	0	1	0	0	0	0	0	0	0	1	0	1	1	0	0	0	0	1	1	0	0	0	0	0	0	1	0
Suricata_suricatta	0	0	0	0	2	0	2	1	0	0	1	0	0	1	1	0	0	1	1	2	0	0	0	0	0	0	0	1	0	1	1	0	1	1	1	1	1	0	0	0	0	0	0	1	1	0	1	0	1	0	1	2	1	0	0	0	0	1	0	1	0
Strigops_habroptila	0	1	0	0	1	1	2	2	0	0	0	0	0	1	1	0	1	1	1	2	1	0	0	0	0	1	0	1	0	1	1	0	1	1	1	2	1	0	0	0	0	0	0	1	0	0	1	0	0	0	1	2	0	0	0	0	1	1	0	1	0
Drosophila_guanche	NA	NA	NA	NA	NA	NA	NA	NA	NA	NA	NA	NA	NA	NA	NA	NA	NA	NA	NA	NA	NA	NA	NA	NA	NA	NA	NA	NA	NA	NA	NA	NA	NA	NA	NA	NA	NA	NA	NA	NA	NA	NA	NA	NA	NA	NA	NA	NA	NA	NA	NA	NA	NA	NA	NA	NA	NA	NA	NA	NA	NA
Marmota_flaviventris	0	1	0	0	2	0	2	1	0	0	0	0	0	0	0	0	0	0	0	2	0	0	1	0	0	1	0	1	0	1	0	0	0	0	0	2	0	0	1	0	1	0	0	1	0	0	1	0	0	0	0	1	1	0	0	0	0	1	0	1	0
Electrophorus_electricus	0	1	0	0	2	1	2	1	0	0	0	0	0	0	0	0	1	0	0	2	1	1	1	1	0	0	0	0	0	0	1	0	0	0	1	2	0	1	0	0	0	0	0	1	0	1	0	0	1	1	0	2	1	0	0	0	0	0	1	1	0
Apteryx_rowi	0	0	0	0	2	0	2	2	0	0	0	0	0	1	1	0	1	1	1	2	1	0	0	0	0	0	0	1	0	1	1	0	1	0	1	2	1	0	0	0	0	0	0	1	0	1	0	0	1	0	0	2	1	0	1	0	0	1	0	1	0
Ceratotherium_simum	0	1	0	0	2	1	2	2	0	0	1	0	0	1	1	0	1	1	1	2	1	0	0	0	0	0	0	1	0	1	1	0	1	1	1	2	1	0	0	0	0	0	0	1	0	0	1	0	1	0	1	2	1	0	0	0	0	1	0	1	0
Micropterus_salmoides	0	1	0	0	1	1	2	1	0	0	1	0	0	0	1	0	0	0	1	2	0	0	0	0	0	0	0	1	0	1	0	0	0	1	0	2	0	0	1	0	1	0	0	1	0	1	1	0	0	1	1	2	0	0	0	0	1	0	0	1	0
Drosophila_subpulchrella	0	1	0	0	2	1	2	2	0	0	0	0	0	0	1	0	1	0	1	2	1	0	0	0	1	1	0	1	1	1	1	0	0	1	1	2	0	0	0	0	0	0	0	1	0	1	1	0	1	1	1	2	1	0	0	0	0	1	0	1	0
Molossus_molossus	0	0	0	0	2	0	2	2	0	0	0	0	0	0	1	0	1	0	1	2	1	0	0	0	1	1	0	1	0	1	1	0	1	0	1	2	1	0	0	1	1	0	0	0	1	0	1	0	1	0	1	2	1	0	0	0	0	0	0	0	0
Pipistrellus_kuhlii	0	1	0	0	2	1	1	2	0	0	0	0	0	0	1	0	1	0	1	2	0	0	1	0	0	1	0	1	0	1	1	0	1	0	1	2	1	0	0	0	0	0	0	1	0	1	1	0	1	1	1	2	1	0	0	0	0	1	0	1	0
Arctia_plantaginis	0	0	0	0	2	0	2	2	0	0	0	0	0	1	1	0	1	1	1	2	1	0	0	0	0	0	0	1	0	1	1	0	0	0	1	2	1	0	0	0	0	0	0	1	0	0	1	0	1	0	1	2	1	0	0	0	0	1	0	1	0
Contarinia_nasturtii	0	0	0	0	2	0	2	2	0	1	1	0	0	1	0	0	1	1	0	2	1	0	1	1	1	0	0	0	1	1	1	0	0	1	1	2	0	0	0	1	0	0	0	0	0	1	1	0	1	1	1	2	1	0	0	1	0	0	0	0	0
Talpa_occidentalis	0	1	0	0	2	1	2	2	0	0	0	0	0	0	1	0	0	0	1	2	0	0	0	0	0	1	0	1	0	1	1	0	0	1	1	2	0	0	0	0	1	0	0	1	0	0	1	0	1	0	1	1	1	0	0	0	0	1	0	1	0
Grammomys_surdaster	0	1	0	0	2	1	2	2	0	0	0	0	0	0	1	0	1	0	1	2	1	0	0	0	0	1	0	1	0	1	1	0	0	1	1	2	0	0	0	0	0	0	0	1	0	1	1	0	1	1	1	2	1	0	0	1	0	1	0	0	0
Pipra_filicauda	0	1	0	0	1	1	2	2	0	0	0	0	0	0	1	0	1	0	1	2	1	0	0	0	0	1	0	1	0	1	1	0	0	1	1	2	0	0	0	1	0	0	0	0	0	1	1	0	1	0	1	2	1	0	0	0	0	0	0	1	0
Cyanistes_caeruleus	0	1	0	0	2	1	2	2	0	0	0	0	0	0	1	0	1	0	1	2	1	0	0	0	0	1	0	1	0	1	1	0	1	1	1	2	1	0	0	0	0	0	0	1	0	1	1	0	1	0	1	2	1	0	0	0	0	1	0	1	0
Paramormyrops_kingsleyae	0	0	0	0	2	0	2	2	1	0	0	0	0	0	1	0	0	0	1	1	0	0	0	0	0	0	0	1	0	0	1	0	1	0	1	2	1	1	0	1	0	0	0	0	1	0	1	0	1	0	1	1	1	1	0	0	0	0	0	1	0
Melanaphis_sacchari	0	1	0	0	2	1	2	2	1	0	1	0	0	0	1	0	1	0	1	2	1	0	1	1	0	0	0	0	0	1	1	0	0	1	1	2	0	0	0	1	0	0	0	0	0	1	1	0	1	1	1	2	1	0	0	1	0	0	0	0	0
Piliocolobus_tephrosceles	0	1	0	0	2	1	2	1	0	0	1	0	0	0	0	0	1	0	0	2	1	0	1	0	0	0	0	1	0	1	1	0	0	0	1	2	0	0	0	1	0	0	0	0	0	0	1	0	0	0	1	2	0	0	0	0	0	1	0	0	1
Mastomys_coucha	0	0	0	0	2	0	2	2	1	0	0	0	0	0	1	0	0	0	1	2	0	0	0	0	0	1	0	1	0	1	1	0	1	1	1	2	1	0	0	0	0	0	0	1	1	1	1	0	1	1	0	2	1	0	0	1	0	0	0	0	0
Acanthochromis_polyacanthus	0	0	0	0	1	0	2	1	0	0	0	0	0	0	1	0	0	0	1	2	0	0	0	0	0	1	0	1	0	1	1	0	1	0	0	1	1	0	0	1	1	0	0	0	0	0	0	0	0	0	0	2	0	1	1	0	1	0	0	1	0
Mus_pahari	0	1	0	0	2	1	2	2	0	0	0	0	0	0	1	0	1	0	1	2	1	0	0	0	0	1	0	1	0	1	1	0	0	1	1	2	0	0	0	0	0	0	0	1	0	0	1	0	1	0	1	2	1	0	0	1	0	1	0	0	0
Miniopterus_natalensis	0	0	0	0	2	0	2	2	0	0	0	0	0	0	1	0	1	0	0	2	0	0	0	0	1	1	0	1	0	1	1	0	0	1	0	2	1	0	0	1	0	0	0	0	0	1	1	0	1	1	1	2	1	0	0	0	0	0	0	1	0
Myotis_myotis	0	1	0	0	2	1	2	2	0	0	0	0	0	0	1	0	1	0	1	1	1	0	0	0	0	1	0	1	0	1	1	0	0	0	1	2	0	0	0	0	0	0	0	1	1	0	1	0	1	0	1	2	1	0	0	0	0	1	0	1	0
Sturnus_vulgaris	0	0	0	0	2	0	2	2	0	0	0	1	0	0	1	0	1	0	1	2	1	0	0	0	0	1	0	1	0	1	1	0	1	1	1	2	1	0	0	0	0	0	0	1	0	1	1	0	1	0	1	2	1	0	0	0	0	0	0	1	0
Octopus_bimaculoides	0	0	0	0	1	0	2	2	1	0	0	0	0	0	0	0	1	0	0	2	1	0	1	1	0	0	0	0	0	1	1	0	1	1	1	1	1	0	0	1	0	0	0	0	0	1	1	0	1	1	0	2	1	0	0	1	0	0	0	0	0
Lynx_pardinus	NA	NA	NA	NA	NA	NA	NA	NA	NA	NA	NA	NA	NA	NA	NA	NA	NA	NA	NA	NA	NA	NA	NA	NA	NA	NA	NA	NA	NA	NA	NA	NA	NA	NA	NA	NA	NA	NA	NA	NA	NA	NA	NA	NA	NA	NA	NA	NA	NA	NA	NA	NA	NA	NA	NA	NA	NA	NA	NA	NA	NA
Lynx_canadensis	0	1	0	0	2	1	2	2	0	0	0	0	0	0	0	0	0	0	0	2	0	1	1	1	1	0	0	0	0	1	1	0	1	1	1	1	1	0	0	0	0	0	0	1	0	0	1	0	0	0	1	2	0	0	0	0	1	1	0	1	0
Calidris_pugnax	0	1	0	0	2	1	2	2	0	0	0	0	0	0	1	0	1	0	1	2	1	0	0	0	0	1	0	1	0	1	1	0	0	1	1	2	0	0	0	0	0	0	0	1	0	1	1	0	1	0	1	2	1	0	0	0	0	0	0	1	0
Nicrophorus_vespilloides	0	1	0	0	1	1	2	2	0	0	1	0	0	0	1	0	1	0	1	2	1	0	1	1	0	0	0	0	0	1	1	0	0	1	1	2	0	0	0	0	0	0	0	1	0	1	1	0	1	1	1	2	1	0	0	1	0	0	0	0	0
Dinoponera_quadriceps	0	1	0	0	2	1	2	2	0	0	1	0	0	1	1	0	1	1	1	2	1	0	1	0	0	1	0	1	0	1	1	0	1	1	1	2	1	0	0	0	0	0	1	1	0	1	1	0	1	1	0	2	1	0	0	0	0	0	0	1	0
Gekko_japonicus	0	0	0	0	2	1	2	2	0	0	0	0	0	1	0	0	0	0	1	2	0	0	0	0	1	1	0	1	0	0	0	0	0	1	1	2	0	0	0	1	1	0	0	0	0	0	1	0	0	1	1	1	1	0	1	1	0	0	0	0	0
Pantherophis_guttatus	0	1	0	0	2	1	2	1	0	0	0	0	0	0	1	0	0	0	1	2	0	0	0	0	0	1	0	1	0	1	1	0	0	1	1	1	0	0	0	1	0	0	0	0	1	1	1	0	1	1	1	2	1	0	0	1	0	0	0	0	0
Hermetia_illucens	0	1	0	0	2	1	2	2	0	0	1	0	0	1	0	0	1	1	0	2	1	0	1	1	0	0	0	0	0	1	1	0	0	1	1	2	0	0	0	0	0	0	0	1	0	1	1	0	1	1	1	2	1	0	0	1	0	0	0	0	0
Scaptodrosophila_lebanonensis	0	1	0	0	2	1	2	2	0	0	1	0	0	0	0	0	1	0	0	2	1	0	1	0	0	1	0	1	0	1	1	0	0	1	1	2	0	0	0	0	0	0	0	1	0	1	1	0	1	1	1	2	1	0	0	0	0	0	0	1	0
Zootoca_vivipara	0	1	0	0	2	0	2	2	0	1	0	0	0	0	1	0	0	0	0	2	0	0	1	0	0	1	0	1	0	0	0	0	0	1	0	2	0	0	1	0	1	0	0	1	0	1	0	0	1	0	0	2	1	0	1	0	0	1	0	1	0
Manis_javanica	0	0	0	0	2	0	2	2	0	1	1	0	0	1	1	0	0	1	1	2	0	0	0	0	0	1	0	1	0	1	1	0	0	1	1	2	0	0	0	0	0	0	0	0	1	1	1	0	1	1	1	2	1	0	0	0	0	1	0	0	0
Sander_lucioperca	0	0	0	0	1	0	1	2	0	0	1	0	0	0	1	0	0	0	1	2	0	0	0	0	0	0	0	1	0	1	1	0	0	1	0	1	1	0	0	0	0	0	0	1	1	1	1	0	0	0	1	2	0	0	0	0	1	0	0	0	0
Colossoma_macropomum	0	0	0	0	2	0	2	2	0	0	1	0	0	0	0	0	0	0	0	2	0	0	1	0	0	0	0	1	0	0	1	0	1	0	1	2	1	1	0	1	1	0	0	0	0	0	1	0	0	0	1	2	1	1	0	0	0	0	0	1	0
Perca_fluviatilis	0	0	0	0	1	0	2	2	0	0	1	0	0	0	1	0	0	0	1	1	0	0	0	0	0	0	0	1	0	1	1	0	0	1	1	2	1	0	0	0	1	0	0	1	0	1	1	0	0	1	1	1	0	0	0	1	1	0	0	0	0
Periophthalmus_magnuspinnatus	0	1	0	0	2	1	2	2	0	0	0	0	0	0	0	0	0	0	0	2	0	0	1	0	1	1	0	1	0	1	0	0	0	0	0	2	0	0	1	1	0	0	0	0	0	1	1	0	1	1	1	2	1	0	1	0	0	1	0	1	0
Ophiophagus_hannah	0	1	0	0	2	1	2	2	0	0	0	0	0	1	0	0	1	1	0	2	1	0	1	0	0	0	0	1	0	1	1	0	1	1	1	2	1	0	0	0	0	0	0	0	0	1	1	0	1	1	1	2	1	0	0	0	1	0	0	1	0
Crotalus_tigris	0	1	0	0	2	1	2	2	0	0	1	0	0	1	1	0	1	1	1	2	1	0	0	0	0	1	0	1	0	1	1	0	1	1	1	2	1	0	0	1	0	0	0	0	0	1	1	0	1	1	1	2	1	0	0	0	0	1	0	0	0
Thamnophis_elegans	0	0	0	0	2	0	2	2	0	0	0	0	0	1	1	0	1	1	1	2	1	0	0	0	0	1	0	1	0	1	1	0	1	1	1	1	1	0	1	1	0	0	0	0	1	0	1	0	0	0	1	2	0	0	0	1	1	1	0	0	0
Naja_naja	0	1	0	0	2	1	2	2	0	0	0	0	0	1	1	0	1	1	1	2	1	0	1	0	0	0	0	1	0	1	1	0	0	1	1	2	0	0	0	0	0	0	0	0	0	1	0	0	0	1	0	2	0	0	1	1	1	0	0	0	0
Aquila_chrysaetos	0	0	0	0	2	0	2	2	0	0	0	0	0	0	1	0	1	0	1	2	1	0	0	0	0	1	0	0	0	1	1	0	1	1	1	2	1	0	0	0	0	0	0	1	0	1	1	0	0	0	1	2	0	0	0	0	1	1	0	1	0
Catharus_ustulatus	0	1	0	0	2	1	2	2	0	0	0	0	0	1	1	0	1	1	1	2	1	0	0	0	0	0	0	1	0	1	1	0	0	1	1	2	0	0	0	0	0	0	0	1	0	1	1	0	1	0	1	2	1	0	0	0	0	1	0	1	0
Corvus_cornix	0	1	0	0	2	1	2	2	0	0	0	1	0	0	1	0	1	0	1	2	1	0	0	0	0	1	0	1	0	1	1	0	1	1	1	2	1	0	0	0	0	0	0	1	0	1	1	0	1	0	1	2	1	0	0	0	0	1	0	1	0
Hirundo_rustica	0	1	0	0	2	1	2	2	0	0	0	0	0	0	1	0	1	0	1	2	1	0	0	0	0	1	0	1	0	1	1	0	0	1	1	2	0	0	0	0	0	0	0	1	0	1	1	0	1	0	1	2	1	0	0	0	0	1	0	0	0
Panthera_leo	0	1	0	0	2	1	2	2	0	0	0	0	0	0	0	0	0	0	0	2	0	0	1	1	1	1	0	0	0	1	1	0	1	1	1	1	1	0	0	0	0	0	0	1	0	0	1	0	0	0	1	2	0	0	0	0	1	1	0	1	0
Pteropus_giganteus	0	1	0	0	2	1	2	1	0	0	0	0	0	0	1	0	0	0	1	2	0	1	0	0	1	0	0	1	0	0	0	0	1	0	0	1	1	1	1	0	0	0	0	1	0	0	0	0	0	0	0	2	0	1	1	1	1	1	0	0	0
Myotis_brandtii	0	1	0	0	2	1	1	2	0	0	0	0	0	0	1	0	1	0	0	1	0	0	0	0	0	1	0	1	0	1	1	0	1	1	1	2	1	0	0	0	0	0	0	1	0	1	1	0	1	1	1	2	1	0	0	0	0	1	0	1	0
Phascolarctos_cinereus	0	0	0	0	2	0	1	2	0	0	1	0	0	0	1	0	1	0	1	2	1	0	0	0	0	0	0	1	0	1	1	0	1	0	1	2	1	0	0	1	0	0	0	0	0	1	1	0	0	1	1	2	1	0	0	1	0	0	0	0	0
Trichechus_manatus	0	0	0	0	2	0	2	1	0	0	0	0	0	1	1	0	0	1	1	2	0	0	0	0	0	0	0	1	0	1	1	0	0	0	0	1	1	0	0	1	1	0	0	0	0	0	0	0	0	0	0	1	0	1	1	1	1	0	0	0	0
Caenorhabditis_elegans	0	1	0	0	2	1	2	2	0	0	0	0	0	1	0	0	1	1	0	2	1	0	1	1	0	0	0	0	0	1	1	0	0	1	1	2	0	0	0	0	0	0	0	1	0	1	1	0	0	1	1	2	0	0	0	0	1	0	0	1	0
Meriones_unguiculatus	0	1	0	0	2	1	2	1	0	0	0	0	0	0	1	0	0	0	1	2	0	0	0	0	1	1	0	1	0	1	1	0	0	1	1	2	0	0	0	1	0	0	0	0	0	0	1	0	1	0	1	2	1	0	0	0	0	1	0	1	0
Bactrocera_oleae	0	1	0	0	2	1	2	2	0	0	1	0	0	0	0	0	1	0	0	2	1	0	1	1	0	0	0	0	0	1	0	0	0	1	0	2	0	0	1	0	0	0	0	1	0	1	1	0	1	1	1	2	1	0	0	1	0	0	0	0	0
Gigantopelta_aegis	0	0	0	0	2	0	2	2	0	1	0	0	0	1	0	0	0	1	0	2	0	0	1	0	1	0	0	1	0	1	0	0	0	0	0	1	0	0	1	0	0	0	0	1	0	1	0	0	1	1	0	2	1	0	1	1	1	0	0	0	0
Acinonyx_jubatus	0	1	0	0	2	1	2	2	0	0	1	0	0	1	1	0	0	1	1	2	0	0	0	0	0	0	0	1	0	1	1	0	1	1	1	2	1	0	0	0	0	0	0	1	1	0	1	0	1	0	1	2	1	0	0	0	0	1	0	1	0
Neomonachus_schauinslandi	0	0	0	0	2	0	2	1	0	0	1	0	0	1	1	0	0	1	1	2	0	0	0	0	0	0	0	1	0	1	1	0	0	1	1	1	1	0	0	0	0	0	0	1	1	1	1	0	1	1	1	2	1	1	0	0	0	0	0	1	0
Vulpes_lagopus	0	1	0	0	2	1	2	2	0	0	0	0	0	0	1	0	0	0	1	2	0	0	0	0	0	1	0	1	0	1	1	0	0	1	1	1	0	0	0	0	0	0	0	1	1	0	1	0	1	0	1	1	1	0	0	0	0	1	0	1	0
Halichoerus_grypus	0	0	0	0	2	0	2	1	0	0	0	0	0	0	1	0	0	0	1	1	0	0	0	0	0	1	0	1	0	1	1	0	0	1	1	1	1	0	0	0	0	0	0	1	1	0	1	0	1	0	1	2	1	0	0	0	1	1	0	1	0
Nyctereutes_procyonoides	0	1	0	0	2	1	2	2	0	0	0	0	0	0	1	0	0	0	1	2	0	0	0	0	0	1	0	1	0	1	1	0	0	1	1	2	1	0	0	0	0	0	0	1	1	0	1	0	1	0	1	1	1	0	0	0	0	1	0	1	0
Vulpes_vulpes	0	1	0	0	2	1	2	2	0	0	0	0	0	1	1	0	0	1	1	2	0	0	0	0	0	1	0	1	0	1	1	0	0	1	1	1	0	0	0	0	0	0	0	1	1	1	1	0	1	1	1	2	1	0	0	1	0	1	0	0	0
Leptonychotes_weddellii	0	1	0	0	2	1	2	2	0	0	0	0	0	1	1	0	0	1	1	2	0	0	0	0	0	0	0	1	0	1	1	0	1	1	1	2	1	0	0	0	0	0	0	1	1	1	1	0	0	1	1	2	1	1	0	0	0	0	0	1	0
Mirounga_leonina	0	0	0	0	2	0	2	1	0	0	1	0	0	0	1	0	0	0	1	2	0	0	0	0	0	0	0	1	0	1	1	0	1	1	1	2	1	0	0	0	0	0	0	1	1	0	1	0	0	0	1	2	1	1	0	0	0	0	0	1	0
Puma_concolor	0	1	0	0	2	1	2	2	0	0	0	0	0	1	1	0	0	1	1	2	0	0	0	0	0	0	0	1	0	1	0	0	0	0	0	1	0	0	1	0	0	0	0	1	1	1	1	0	1	1	0	2	1	0	0	0	0	1	0	0	0
Orbicella_faveolata	0	0	0	0	2	0	2	2	0	1	0	0	0	0	1	0	1	0	1	2	1	0	0	0	0	1	0	0	0	0	1	0	0	1	1	1	0	0	0	1	0	0	0	0	0	1	1	0	0	0	0	2	1	0	0	1	0	0	0	0	0
Hydra_vulgaris	0	0	0	0	2	0	2	2	0	0	1	0	0	0	0	0	0	0	0	2	0	0	1	1	0	0	0	0	0	1	0	0	1	1	0	2	1	0	1	1	1	0	0	0	0	1	1	0	0	1	1	2	0	0	1	1	1	0	0	0	0
Stylophora_pistillata	0	1	0	0	1	0	2	1	1	0	0	0	0	0	1	0	0	0	0	2	0	0	0	0	0	0	0	1	1	0	1	0	0	1	1	1	0	0	0	1	0	0	0	0	0	1	1	0	0	0	0	2	0	0	0	1	1	0	0	0	0
Ancylostoma_ceylanicum	NA	NA	NA	NA	NA	NA	NA	NA	NA	NA	NA	NA	NA	NA	NA	NA	NA	NA	NA	NA	NA	NA	NA	NA	NA	NA	NA	NA	NA	NA	NA	NA	NA	NA	NA	NA	NA	NA	NA	NA	NA	NA	NA	NA	NA	NA	NA	NA	NA	NA	NA	NA	NA	NA	NA	NA	NA	NA	NA	NA	NA
Alligator_mississippiensis	0	0	0	0	2	0	2	1	1	1	0	0	0	0	0	0	0	0	0	2	0	0	1	1	0	0	0	0	0	0	1	0	0	0	1	2	0	1	0	1	1	0	0	0	1	0	0	0	1	0	0	2	1	0	1	0	0	1	0	1	0
Daphnia_galeata	NA	NA	NA	NA	NA	NA	NA	NA	NA	NA	NA	NA	NA	NA	NA	NA	NA	NA	NA	NA	NA	NA	NA	NA	NA	NA	NA	NA	NA	NA	NA	NA	NA	NA	NA	NA	NA	NA	NA	NA	NA	NA	NA	NA	NA	NA	NA	NA	NA	NA	NA	NA	NA	NA	NA	NA	NA	NA	NA	NA	NA
Ramazzottius_varieornatus	0	1	0	0	2	1	2	2	0	0	0	1	0	1	0	0	1	1	0	2	1	0	1	0	0	1	0	0	0	1	1	0	1	1	1	2	1	0	0	0	0	0	0	1	0	1	1	0	1	1	1	2	1	0	0	0	0	0	0	0	0
Puntigrus_tetrazona	0	1	0	0	1	0	2	2	0	1	1	0	0	0	1	0	0	0	0	1	0	0	0	0	1	0	0	1	0	1	1	0	0	1	1	2	1	0	0	1	0	0	0	0	0	1	0	0	0	0	0	2	1	0	1	0	0	0	0	1	0
Caenorhabditis_nigoni	0	1	0	0	2	1	2	2	0	0	0	0	0	1	0	0	1	1	0	2	1	0	1	1	0	0	0	0	0	1	1	0	0	1	1	2	0	0	0	0	0	0	0	1	0	1	1	0	0	0	1	2	0	0	0	0	1	0	0	1	0
Lepidothrix_coronata	0	0	0	0	2	0	2	2	0	0	0	0	0	0	0	0	1	0	0	2	1	0	0	0	0	1	0	1	0	1	1	0	1	1	1	2	1	0	0	0	0	0	0	1	0	1	1	0	1	0	1	2	1	0	0	0	0	1	0	1	0
Owenia_fusiformis	0	0	0	0	1	0	2	2	0	0	0	0	0	1	0	0	0	1	0	2	0	1	1	1	0	0	0	0	0	1	0	0	1	1	0	2	1	0	1	0	1	0	0	1	0	0	1	0	1	0	0	2	1	1	0	1	0	0	0	0	0
Betta_splendens	0	0	0	0	2	0	2	1	0	0	0	0	0	0	1	0	0	0	1	2	0	0	0	0	1	1	0	1	0	1	1	0	1	1	0	2	1	0	1	0	0	0	0	1	0	1	1	0	1	1	1	2	1	0	0	0	0	0	0	1	0
Onychostruthus_taczanowskii	0	1	0	0	2	1	2	2	0	0	0	0	0	0	1	0	1	0	1	2	1	0	0	0	0	1	0	1	0	1	1	0	1	1	1	1	1	0	0	1	0	0	0	0	0	0	1	0	1	0	1	2	1	0	0	0	0	1	0	1	0
Numida_meleagris	0	0	0	0	2	0	2	2	0	0	0	0	0	0	1	0	1	0	1	2	1	0	0	0	0	1	0	1	0	1	1	0	1	1	1	2	1	0	0	0	0	0	0	1	0	0	1	0	1	0	1	2	1	0	0	0	0	1	0	1	0
Papilio_machaon	0	1	0	0	2	1	2	2	0	0	0	0	0	0	1	0	1	0	1	2	1	0	0	0	1	1	0	0	1	1	1	0	0	1	1	2	0	0	0	0	0	0	0	1	0	1	1	0	1	1	1	2	1	0	0	0	0	1	0	1	0
Mustela_putorius	0	0	0	0	2	0	2	2	0	0	0	0	0	0	1	0	0	0	1	2	0	0	0	0	0	1	0	1	0	1	1	0	1	1	1	1	1	0	0	0	0	0	0	1	1	0	1	0	1	0	1	2	1	0	0	0	0	1	0	1	0
Lates_calcarifer	0	1	0	0	1	1	2	2	0	0	0	0	0	0	1	0	1	0	1	2	1	0	0	0	0	1	0	1	0	1	1	0	0	1	1	2	0	0	0	0	0	0	0	1	0	1	0	0	1	0	0	2	1	0	1	0	1	0	0	1	0
Takifugu_flavidus	0	0	0	0	2	0	2	2	0	0	0	0	0	0	0	0	1	0	0	2	1	0	1	0	0	1	0	1	0	1	1	0	1	1	1	2	1	0	0	0	0	0	0	1	0	1	1	0	1	1	1	2	1	0	0	1	0	1	0	0	0
Tursiops_truncatus	0	1	0	0	2	1	2	1	0	0	0	0	0	0	1	0	0	0	1	2	0	0	0	0	0	1	0	1	0	1	1	0	0	1	0	2	0	0	0	1	1	0	0	0	1	0	0	0	0	0	0	1	0	0	1	0	0	1	0	0	1
Elysia_chlorotica	0	0	0	0	2	0	2	2	0	0	0	0	0	1	0	0	1	1	0	2	1	0	1	0	0	0	0	1	0	1	1	0	1	0	0	2	1	0	1	1	0	0	0	0	0	1	1	0	1	0	1	2	1	0	0	0	0	0	0	1	0
Haliotis_rufescens	0	0	0	0	2	0	2	2	0	0	1	0	0	0	1	0	0	0	1	1	0	0	1	0	1	0	0	1	0	1	0	0	1	0	0	2	1	0	1	0	0	0	0	1	0	0	0	0	1	0	0	2	1	0	1	0	1	1	0	1	0
Trichuris_suis	0	0	0	0	2	0	1	1	0	0	0	0	0	1	0	0	0	1	0	2	0	0	1	1	1	0	0	0	0	1	0	0	1	1	0	2	1	0	1	1	0	0	0	0	0	1	1	0	0	1	1	2	0	0	0	1	1	0	0	0	0
Homarus_americanus	0	1	0	0	1	1	2	2	0	0	0	0	0	1	0	0	0	1	0	2	0	0	1	0	1	1	0	1	0	1	1	0	0	0	1	2	0	0	0	0	0	0	0	1	0	0	0	0	1	0	0	2	1	0	0	1	0	1	1	0	0
Echinococcus_granulosus	NA	NA	NA	NA	NA	NA	NA	NA	NA	NA	NA	NA	NA	NA	NA	NA	NA	NA	NA	NA	NA	NA	NA	NA	NA	NA	NA	NA	NA	NA	NA	NA	NA	NA	NA	NA	NA	NA	NA	NA	NA	NA	NA	NA	NA	NA	NA	NA	NA	NA	NA	NA	NA	NA	NA	NA	NA	NA	NA	NA	NA
Schistosoma_haematobium	NA	NA	NA	NA	NA	NA	NA	NA	NA	NA	NA	NA	NA	NA	NA	NA	NA	NA	NA	NA	NA	NA	NA	NA	NA	NA	NA	NA	NA	NA	NA	NA	NA	NA	NA	NA	NA	NA	NA	NA	NA	NA	NA	NA	NA	NA	NA	NA	NA	NA	NA	NA	NA	NA	NA	NA	NA	NA	NA	NA	NA
Acropora_digitifera	NA	NA	NA	NA	NA	NA	NA	NA	NA	NA	NA	NA	NA	NA	NA	NA	NA	NA	NA	NA	NA	NA	NA	NA	NA	NA	NA	NA	NA	NA	NA	NA	NA	NA	NA	NA	NA	NA	NA	NA	NA	NA	NA	NA	NA	NA	NA	NA	NA	NA	NA	NA	NA	NA	NA	NA	NA	NA	NA	NA	NA
Pieris_rapae	0	1	0	0	2	1	2	2	0	0	0	0	0	1	1	0	1	1	1	2	1	0	0	0	0	0	0	1	0	1	1	0	0	1	1	2	0	0	0	0	0	0	0	1	0	1	1	0	1	1	1	2	1	0	0	0	0	0	0	1	0
Coptotermes_formosanus	0	1	0	0	2	1	2	2	0	0	1	0	0	0	1	0	0	0	1	2	0	0	1	1	1	0	0	0	1	1	0	0	0	1	0	2	0	0	1	0	0	0	0	0	0	0	1	0	1	0	1	2	1	0	0	0	1	1	0	0	0
Myotis_lucifugus	0	1	0	0	2	1	2	2	0	0	0	0	0	0	1	0	1	0	1	1	1	0	0	0	0	1	0	1	0	1	1	0	0	1	1	2	0	0	1	0	0	0	0	1	0	1	1	0	1	1	1	2	1	0	0	0	0	1	0	1	0
Gymnogyps_californianus	0	1	0	0	2	1	2	2	0	0	0	0	0	0	1	0	1	0	1	2	1	0	0	0	0	1	0	1	0	1	1	0	0	1	1	2	0	0	0	0	0	0	0	1	0	1	1	0	0	1	1	2	0	0	0	0	1	0	0	1	0
Fundulus_heteroclitus	0	0	0	0	2	0	2	2	0	0	1	0	0	0	1	0	0	0	1	2	0	0	0	0	0	0	0	1	0	0	1	0	0	0	1	1	1	1	0	0	1	0	0	0	0	0	0	0	0	0	0	2	0	0	1	0	1	1	0	1	0
Pteropus_vampyrus	0	0	0	0	2	0	2	1	0	0	0	0	0	0	1	0	0	0	1	2	0	1	0	0	0	0	0	1	0	0	0	0	1	0	0	1	1	1	1	0	1	0	0	1	0	0	0	0	0	0	0	2	0	1	1	1	1	1	0	0	0
Necator_americanus	0	0	0	0	2	0	2	2	1	0	0	0	0	0	1	0	1	0	1	2	1	0	0	1	0	0	1	0	0	0	1	0	1	0	1	2	1	1	0	1	0	0	0	0	0	1	1	0	0	1	0	2	0	0	1	1	1	0	0	0	0
Dictyocaulus_viviparus	0	0	0	0	2	1	2	2	1	0	1	0	0	0	1	0	0	0	1	2	0	0	0	0	0	0	0	1	0	1	1	0	0	1	0	2	0	0	0	1	0	0	0	0	1	1	0	0	1	1	0	2	1	0	1	0	0	0	0	1	0
Melitaea_cinxia	0	0	0	0	2	0	2	2	0	0	0	0	0	1	1	0	1	1	1	2	1	0	0	1	0	0	0	0	0	1	1	0	1	1	0	2	1	0	0	0	0	0	0	1	0	0	1	0	1	0	0	2	1	1	0	1	0	0	0	0	0
Clonorchis_sinensis	0	0	0	0	2	0	2	2	0	1	0	0	0	0	1	0	1	0	1	2	1	0	0	0	1	1	1	0	0	1	1	0	1	1	1	2	1	0	0	1	0	0	0	0	0	1	0	0	1	1	0	2	1	0	0	0	0	0	0	1	0
Acropora_millepora	0	0	0	0	2	0	2	2	0	0	0	0	0	0	0	0	0	0	0	2	0	0	1	0	0	1	0	0	0	0	1	0	0	1	0	1	1	0	0	1	1	0	0	0	0	1	0	0	1	0	1	2	1	0	0	1	0	0	0	0	0
Drosophila_mauritiana	0	1	0	0	2	1	2	2	0	0	0	0	0	0	1	0	1	0	1	2	1	0	0	0	0	1	0	1	0	1	1	0	0	1	1	2	0	0	0	0	0	0	0	1	0	1	1	0	1	1	1	2	1	0	0	0	0	1	0	1	0
Drosophila_sechellia	0	1	0	0	2	1	2	2	0	0	0	0	0	0	1	0	1	0	1	2	1	0	0	0	0	1	0	1	0	1	1	0	0	1	1	2	0	0	0	0	0	0	0	1	0	1	1	0	1	1	1	2	1	0	0	0	0	0	0	1	0
Drosophila_erecta	0	1	0	0	2	1	2	1	0	0	0	0	0	0	1	0	1	0	1	2	1	0	0	0	0	1	0	1	0	1	1	0	0	1	1	2	0	0	0	0	0	0	0	1	0	1	1	0	1	1	1	2	1	0	0	0	0	1	0	1	0
Acanthocheilonema_viteae	0	0	0	0	2	0	2	2	0	0	0	0	0	0	0	0	0	0	0	2	0	0	1	1	1	0	0	0	0	1	0	0	1	1	0	2	1	0	0	0	0	0	0	0	1	1	1	0	0	1	1	2	0	0	1	0	1	0	0	0	0
Varroa_destructor	0	0	0	0	2	0	2	2	1	0	0	0	0	1	0	0	1	1	0	2	1	0	1	0	0	1	0	1	0	1	1	0	1	1	1	2	1	0	0	1	0	0	0	0	0	1	1	0	1	1	1	2	1	0	0	1	0	0	0	0	0
Loa_loa	0	0	0	0	2	0	2	2	0	1	1	0	0	0	0	0	1	0	0	2	1	0	1	1	1	0	0	0	0	0	0	0	1	0	0	2	1	0	1	1	0	0	0	0	1	1	0	0	1	1	0	2	1	0	1	1	0	0	0	0	0
Steinernema_carpocapsae	0	0	0	0	1	0	2	1	0	0	0	0	0	1	1	0	1	1	1	2	1	0	0	0	0	0	0	1	0	1	1	0	1	1	1	2	1	0	0	0	0	0	0	1	0	1	1	0	1	0	0	2	1	0	0	1	0	0	0	0	0
Penaeus_chinensis	0	1	0	0	2	1	1	2	0	0	0	0	0	1	1	0	1	1	1	2	0	0	0	0	0	0	0	1	0	1	0	0	0	0	0	1	0	0	1	0	0	0	0	1	0	1	0	0	0	1	0	2	1	0	0	0	0	0	1	1	0
Lepeophtheirus_salmonis	NA	NA	NA	NA	NA	NA	NA	NA	NA	NA	NA	NA	NA	NA	NA	NA	NA	NA	NA	NA	NA	NA	NA	NA	NA	NA	NA	NA	NA	NA	NA	NA	NA	NA	NA	NA	NA	NA	NA	NA	NA	NA	NA	NA	NA	NA	NA	NA	NA	NA	NA	NA	NA	NA	NA	NA	NA	NA	NA	NA	NA
Chloebia_gouldiae	0	1	0	0	2	1	2	2	0	0	0	0	0	0	0	0	1	0	0	2	1	0	0	0	0	1	1	1	0	1	0	0	1	1	0	2	1	0	1	1	0	0	0	0	0	1	1	0	1	0	1	2	1	0	0	0	0	0	0	0	0
